72
93
70
101
101
97
135
126
137
57
19
33
43
48
64
69
66
73
72
63
56
66
68
74
95
73
126
65
50
35
32
44
64
122
182
127
38
78
66
91
107
89
122
186
187
186
32
25
31
49
67
98
98
113
92
76
91
95
98
101
81
55
22
13
73
81
111
95
89
95
112
106
110
106
56
45
40
51
59
63
69
67
63
61
55
66
82
67
56
58
73
117
54
30
93
186
202
208
195
153
51
31
74
101
121
101
80
181
201
154
29
22
41
43
79
119
131
128
83
96
114
85
101
111
100
36
22
20
99
88
89
90
102
97
97
121
118
78
85
61
59
49
44
51
60
59
67
52
51
53
63
93
86
54
45
114
99
30
23
78
211
189
167
178
102
35
67
113
125
34
40
146
187
183
54
21
25
39
67
132
136
109
83
107
100
117
118
136
67
33
22
31
111
95
100
86
102
84
111
114
109
81
60
100
116
92
32
34
41
52
51
49
54
46
53
75
77
54
37
43
39
20
18
29
79
119
105
148
71
31
62
176
97
33
105
142
176
147
132
87
31
29
80
95
110
94
96
124
118
124
97
128
62
30
25
36
87
92
86
82
112
88
100
125
98
104
75
76
115
97
102
13
16
21
26
30
33
74
94
65
63
81
28
21
18
14
19
23
28
21
41
158
191
190
178
160
170
125
107
131
137
106
124
148
125
44
51
114
135
105
143
148
124
98
109
129
47
28
28
43
77
113
87
84
111
104
119
104
103
86
79
53
45
25
147
23
14
20
29
44
43
47
102
148
133
101
24
12
8
14
19
20
21
13
24
94
206
186
112
58
75
81
108
120
130
127
90
112
168
125
48
97
147
117
135
163
118
110
121
115
45
27
30
39
86
109
89
119
84
107
92
95
110
96
92
45
17
14
43
39
36
51
64
69
69
90
45
53
183
200
50
4
3
12
17
18
21
37
98
65
91
83
72
69
78
91
113
134
149
107
122
83
97
139
141
97
140
158
166
159
139
150
151
133
47
27
31
47
93
130
119
101
140
99
86
76
105
137
89
35
17
15
24
42
60
66
87
67
71
72
68
64
51
144
119
14
1
7
15
16
41
55
53
55
68
89
87
84
92
92
83
117
116
107
112
107
72
90
104
128
96
129
171
172
169
157
170
157
43
25
27
51
139
152
118
132
139
116
129
107
75
81
57
25
20
25
68
61
72
73
94
72
71
97
74
100
91
49
100
58
7
7
15
24
72
62
67
87
75
72
75
95
85
107
119
119
77
101
100
110
115
93
116
128
139
149
142
168
183
169
176
155
50
22
20
49
143
138
148
96
92
85
81
115
89
94
30
22
29
51
62
81
67
63
77
104
74
111
81
122
89
105
69
65
29
7
14
32
63
73
87
67
76
75
83
89
94
144
102
89
87
87
86
106
119
130
131
124
114
127
102
124
171
177
183
144
30
13
13
34
151
166
126
113
125
135
80
76
66
33
22
23
50
62
67
61
85
71
74
91
78
92
100
133
111
133
65
22
18
18
20
40
51
65
66
74
92
78
97
80
108
137
98
78
79
104
76
107
86
134
126
128
127
66
116
102
143
127
109
42
12
7
7
21
129
108
106
99
80
115
104
94
32
23
23
40
58
77
65
67
69
112
82
105
85
95
80
127
105
116
78
27
11
9
20
47
60
77
104
70
83
75
78
86
114
82
94
74
77
104
79
93
88
92
117
127
117
38
101
142
139
94
72
24
11
7
5
5
94
124
93
117
84
75
57
32
21
21
37
56
61
68
80
72
105
74
110
91
62
55
92
94
121
113
113
31
13
10
23
47
48
66
77
76
81
106
93
92
78
102
80
97
88
101
95
105
92
88
102
86
117
37
47
119
132
123
91
38
16
8
5
2
80
92
84
83
129
63
30
21
19
34
52
66
68
78
99
77
114
81
122
74
52
49
66
115
133
172
102
36
15
11
27
40
60
66
66
69
69
79
76
97
79
102
91
103
99
86
108
97
108
109
80
92
92
38
26
23
45
63
56
49
41
18
24
10
110
107
85
91
55
30
18
16
29
55
62
71
79
78
114
77
121
77
132
71
45
44
72
89
153
154
98
39
16
12
29
50
58
76
63
100
75
88
74
91
114
81
114
82
108
109
106
124
93
92
78
111
75
30
22
23
35
48
59
83
67
57
47
68
79
50
65
91
27
28
15
20
43
67
81
71
82
76
93
107
82
93
90
89
43
42
62
83
189
116
75
40
17
12
31
54
71
53
73
69
72
74
83
83
99
96
85
105
96
105
113
90
112
85
84
73
54
25
25
30
55
62
69
57
58
59
61
62
29
34
56
20
14
59
35
39
53
73
81
77
112
96
103
139
86
125
91
95
43
40
59
91
201
124
112
48
17
11
24
52
52
56
66
67
95
73
103
90
101
107
82
90
89
101
111
109
91
86
96
63
32
26
51
45
58
53
59
47
57
58
82
64
16
14
12
22
106
175
67
61
103
73
83
76
87
94
130
96
108
120
95
109
55
38
66
119
197
93
89
44
16
10
20
42
62
66
71
66
72
97
76
108
110
102
111
84
119
98
93
82
109
84
81
48
30
38
60
51
55
78
56
77
66
60
106
71
7
19
132
198
167
125
49
70
91
100
79
97
116
97
120
99
115
63
80
126
147
95
43
70
181
126
109
38
14
9
15
42
50
56
63
79
74
82
82
87
92
82
95
103
89
110
118
77
88
96
59
33
39
48
51
72
55
84
54
60
83
60
117
84
5
137
213
167
112
63
64
82
99
113
120
92
138
97
123
128
62
80
146
173
144
153
154
80
105
79
75
42
62
30
12
33
56
86
75
61
69
75
105
80
93
83
108
98
110
84
89
111
77
75
35
32
36
51
58
71
86
63
63
57
92
64
103
92
66
179
157
159
90
48
97
141
110
99
101
99
120
130
80
83
52
81
141
183
183
194
200
208
95
110
63
41
59
91
52
32
63
84
65
83
77
74
75
112
98
101
90
87
95
103
79
94
86
43
28
40
43
68
71
60
67
81
51
56
88
58
65
94
100
76
98
181
108
85
110
148
89
108
135
97
80
97
82
61
35
22
38
37
53
71
99
131
64
34
44
38
55
85
139
51
50
93
86
89
72
105
101
74
110
77
101
101
89
90
82
79
68
30
29
34
47
79
78
90
61
53
59
56
92
75
61
88
82
99
111
132
153
132
135
131
89
136
124
92
117
57
36
28
25
27
50
52
57
65
67
65
60
31
31
73
89
92
34
65
51
62
63
67
94
92
76
94
86
94
94
90
114
88
110
72
33
22
34
46
55
58
62
87
98
43
78
66
62
110
62
92
120
112
131
152
158
156
170
166
95
126
74
66
39
28
24
26
49
49
56
72
76
77
82
83
61
32
35
134
199
132
34
33
50
63
60
63
79
91
84
96
77
97
92
88
99
97
88
68
23
18
43
49
60
82
78
65
65
54
60
73
64
88
67
105
176
130
124
148
154
101
72
71
68
71
48
26
18
17
31
57
56
56
70
60
72
71
82
92
67
35
90
204
168
115
34
38
41
65
65
75
86
81
102
80
112
77
108
98
88
100
101
37
18
18
39
50
58
65
72
57
47
74
75
104
66
95
91
101
115
70
22
24
64
89
87
91
88
30
17
12
10
16
34
50
74
48
70
74
69
71
81
84
77
54
164
188
163
128
49
36
38
70
89
73
74
113
81
96
92
101
87
101
97
84
83
28
15
19
46
72
65
70
55
47
72
59
82
67
96
97
84
112
118
140
67
52
89
128
127
176
191
147
9
9
11
29
29
48
65
50
60
71
85
90
101
88
81
82
116
94
95
94
117
27
38
64
101
68
81
74
83
93
83
100
85
107
94
74
39
19
12
20
33
60
50
60
49
57
66
58
87
70
80
102
82
90
127
175
97
57
97
149
145
158
192
217
25
8
14
36
45
57
87
64
68
67
78
94
79
83
91
83
77
87
82
83
127
29
30
64
72
77
88
88
103
86
120
95
131
96
105
49
26
16
12
24
36
50
70
61
89
49
51
77
114
78
101
78
86
120
61
126
145
46
103
135
129
112
186
221
26
10
21
36
53
54
63
57
74
81
79
89
99
88
89
85
96
83
80
81
99
46
28
54
83
79
86
77
77
105
97
89
106
108
52
30
18
13
14
37
54
57
105
81
65
69
66
78
77
67
90
91
89
118
74
66
72
91
85
73
110
109
196
178
29
11
25
34
51
69
55
83
70
84
90
97
90
95
95
86
83
97
97
80
76
138
24
45
73
93
72
79
88
85
97
94
105
92
37
24
15
12
24
49
58
100
75
69
44
67
70
97
84
66
89
115
87
98
73
75
71
77
72
52
103
89
171
118
99
26
31
50
58
73
63
79
76
89
80
84
74
86
83
90
99
79
87
78
106
137
45
39
88
66
94
89
99
93
108
133
120
51
28
21
12
12
37
61
60
105
66
69
59
64
82
89
117
78
110
93
116
89
88
81
71
77
80
69
63
98
104
133
74
49
49
56
66
86
74
87
78
87
83
91
81
102
81
93
95
93
112
99
89
100
138
38
60
70
83
107
106
96
101
99
87
35
23
15
10
15
39
62
80
75
68
63
78
84
87
79
86
105
105
99
87
95
84
73
89
79
91
77
78
82
116
133
138
93
41
68
73
92
97
76
75
111
86
103
80
89
120
99
115
99
105
92
83
120
124
16
29
61
79
80
96
73
100
106
68
29
18
12
7
19
52
55
93
59
61
84
94
63
83
85
103
98
93
78
80
89
77
72
86
82
82
79
101
71
88
98
65
34
51
73
83
71
75
93
102
95
89
91
89
126
92
102
98
90
89
100
99
99
118
17
18
42
79
69
59
45
65
139
56
39
13
10
6
21
47
61
93
64
61
95
65
90
100
90
109
112
103
83
71
87
86
97
77
84
85
83
79
76
85
69
43
73
64
72
71
86
97
76
78
84
88
105
85
93
91
91
92
123
86
100
85
99
129
10
10
18
35
31
28
28
41
48
65
139
50
9
5
28
55
81
69
86
85
79
98
77
100
94
103
82
83
109
74
87
115
78
78
87
81
88
80
85
97
40
90
90
53
69
103
77
81
100
90
97
92
101
82
106
104
106
99
97
86
83
111
83
67
8
8
6
12
15
17
16
20
19
58
131
110
29
6
10
43
65
75
82
102
69
89
100
114
101
86
95
87
92
86
94
95
90
78
83
93
90
90
107
84
50
110
85
61
71
78
85
99
84
86
81
84
115
97
99
89
101
105
111
95
90
84
54
33
5
4
4
5
5
11
15
18
15
66
117
129
92
14
10
39
62
99
76
98
92
115
86
86
100
88
105
94
100
110
119
80
86
112
100
81
92
86
81
77
48
23
30
63
64
88
77
78
83
95
85
91
95
100
91
117
103
93
98
79
91
66
44
32
6
5
6
4
2
4
7
28
27
57
116
124
119
64
76
14
45
69
100
101
83
90
88
112
99
102
109
84
105
103
88
97
82
82
89
83
82
86
81
98
65
24
28
63
67
76
82
90
82
86
78
96
88
103
99
97
89
92
95
97
83
37
35
28
5
4
5
7
12
15
18
26
39
85
114
93
101
142
45
15
17
42
78
81
87
98
111
130
104
106
122
95
123
81
75
98
122
96
78
87
86
94
97
77
71
26
27
64
64
84
77
87
77
102
92
118
90
96
103
112
103
94
74
73
72
28
30
25
5
8
18
20
15
27
36
69
101
138
148
124
121
136
106
79
47
33
67
70
83
108
109
128
90
96
94
83
70
46
28
88
83
117
88
99
76
86
92
98
75
28
28
55
76
95
75
92
95
82
87
103
98
113
86
91
80
58
61
85
97
113
44
23
10
19
15
12
15
39
76
107
117
133
119
96
86
78
73
81
76
66
68
66
66
76
80
90
133
73
60
28
22
17
15
121
95
103
78
93
89
105
92
83
69
25
27
53
74
83
79
79
83
115
111
116
79
102
114
85
96
48
49
100
57
65
103
34
15
15
12
9
30
113
161
122
150
169
166
122
80
89
74
74
86
69
70
94
80
63
89
59
44
30
23
18
16
13
10
80
89
85
89
75
93
102
80
88
74
24
23
57
65
79
88
76
114
112
90
86
90
91
94
90
80
28
26
77
49
36
32
68
119
33
14
14
102
158
126
165
149
155
140
96
98
79
94
72
87
68
79
84
76
67
36
27
21
19
16
16
14
15
14
102
81
89
84
75
81
121
107
77
58
19
20
43
58
73
93
89
139
137
130
90
122
118
105
85
49
18
12
29
32
35
34
57
112
136
137
53
33
61
88
79
82
85
98
81
98
91
85
75
96
88
90
86
71
68
33
22
17
15
14
14
14
14
25
87
102
98
97
94
104
84
76
81
33
16
17
35
50
54
115
93
167
177
146
122
133
120
86
67
23
13
10
16
30
30
27
82
142
130
160
186
145
61
61
73
70
81
75
80
81
105
87
95
75
90
76
82
77
91
65
27
18
15
15
12
15
19
35
97
100
77
76
79
93
92
93
67
21
11
13
37
58
48
60
90
105
178
155
130
132
79
60
27
16
11
8
12
74
46
25
83
135
184
157
139
71
49
58
64
70
78
89
91
103
108
92
77
85
85
72
101
73
97
72
47
22
16
15
15
14
21
48
87
89
100
93
91
84
82
80
45
13
7
8
35
50
40
37
47
68
129
183
107
71
69
34
20
14
12
8
13
149
51
20
47
126
183
178
96
58
56
61
66
90
71
72
80
80
97
89
103
105
74
71
92
104
92
73
77
34
18
15
14
16
24
45
90
90
90
90
114
92
82
75
33
10
6
7
17
25
30
32
33
37
62
148
168
91
76
27
17
13
10
11
12
69
89
41
43
74
146
108
63
56
59
58
69
72
80
74
78
81
109
101
82
72
113
134
120
103
103
82
114
71
21
16
16
15
25
39
106
84
88
83
104
92
86
64
19
9
6
8
15
23
32
38
32
41
40
88
223
172
65
25
16
13
20
33
60
91
148
122
25
38
52
63
58
57
63
80
65
72
69
73
82
83
109
87
76
86
87
106
93
84
86
104
83
83
26
16
14
15
23
33
92
89
77
88
90
87
83
43
17
11
13
30
42
35
34
27
36
97
113
59
223
219
59
35
48
46
46
61
91
90
88
25
25
49
56
60
60
55
79
61
66
92
79
78
74
100
102
87
98
97
77
97
101
127
98
76
77
111
46
18
14
15
24
35
96
127
101
92
94
86
73
26
16
18
35
50
51
46
31
25
52
161
126
53
219
133
60
99
106
88
118
86
89
21
29
24
30
44
52
63
72
52
58
63
86
82
91
101
83
99
103
72
93
79
93
101
92
99
86
96
105
84
64
22
16
15
20
43
123
92
78
86
81
94
60
21
20
37
52
44
56
63
42
30
142
215
183
37
205
68
63
99
140
120
165
153
12
18
24
26
26
40
40
52
74
53
87
71
72
88
82
85
87
97
72
73
75
89
90
79
117
101
90
80
97
78
81
27
16
14
18
34
87
105
101
99
83
72
33
20
38
46
44
46
64
69
65
64
211
212
217
124
140
74
95
137
173
150
189
100
14
20
30
27
33
36
42
60
55
64
66
72
82
72
99
78
88
78
96
110
125
125
105
93
88
83
85
92
83
92
74
42
18
12
14
28
108
83
84
85
94
70
25
25
40
42
43
57
58
71
79
72
165
215
210
213
128
84
88
156
184
158
172
96
74
62
34
31
31
35
48
58
63
88
85
74
78
78
94
94
94
110
78
99
91
79
117
115
99
87
93
94
91
106
74
74
19
11
11
10
87
84
88
99
74
52
28
47
43
39
45
65
71
73
79
99
71
104
161
199
196
91
93
174
171
173
145
130
99
55
35
38
33
51
46
54
63
75
70
75
75
71
81
74
92
90
89
120
117
98
131
118
91
112
77
86
71
73
90
72
23
10
8
7
98
89
93
77
84
37
33
42
38
48
55
69
80
94
74
79
98
104
87
182
189
120
136
192
189
171
197
160
98
46
43
51
36
33
46
63
60
78
66
75
113
73
79
100
120
85
100
96
85
101
76
87
86
89
98
89
86
85
90
86
44
10
9
13
118
92
97
81
62
33
39
37
39
52
72
84
75
76
93
95
85
84
109
115
194
115
181
195
183
196
204
146
36
44
56
71
46
39
36
49
63
75
69
98
69
77
86
76
122
118
77
90
93
87
92
86
86
93
90
127
82
114
87
108
55
13
14
22
90
105
84
91
53
34
41
49
44
68
68
71
73
75
81
92
98
121
146
117
124
133
204
202
170
201
164
34
23
71
50
108
82
47
31
48
55
67
67
91
62
69
82
68
83
79
79
112
113
79
73
93
86
91
86
103
108
104
94
119
65
90
20
32
120
97
78
76
47
34
39
50
59
76
62
74
80
106
79
86
89
108
134
144
104
139
215
212
196
203
108
23
38
81
66
104
112
70
39
40
61
70
66
69
62
83
114
66
94
73
80
93
92
82
98
90
83
98
72
76
78
90
86
118
58
61
34
39
132
91
103
92
42
35
41
54
61
62
66
74
78
75
85
112
87
141
107
93
113
124
164
194
184
166
129
33
67
79
96
54
127
120
71
65
76
55
58
71
86
69
97
63
88
71
86
74
79
71
92
116
78
84
98
96
96
89
109
115
51
71
42
42
84
100
84
70
35
33
41
53
65
58
80
86
75
73
90
75
83
97
86
124
123
130
158
164
168
160
152
99
101
80
111
36
83
138
116
85
48
109
51
69
63
70
111
63
95
62
89
69
92
94
99
103
121
75
95
85
84
93
95
154
38
57
46
40
91
84
96
82
34
33
38
52
49
63
84
76
78
83
73
78
91
95
95
103
111
146
150
135
111
138
190
92
103
116
82
46
48
115
139
128
111
84
57
49
51
73
92
69
110
88
114
106
107
99
73
87
105
115
103
93
91
90
96
165
98
45
42
32
91
91
75
53
40
32
36
54
50
71
71
77
72
85
110
73
85
78
73
112
121
146
148
128
117
103
212
63
101
139
43
49
40
43
122
143
125
113
116
74
68
62
71
60
95
68
97
74
103
97
81
91
83
94
86
87
92
87
92
132
53
34
22
32
63
79
86
49
46
43
33
43
59
57
66
94
70
90
67
76
88
78
75
157
186
110
141
136
144
72
162
45
92
80
32
30
3
4
39
125
135
131
112
97
43
31
49
56
68
75
95
82
91
102
88
75
76
95
80
90
99
82
101
103
32
23
19
34
