73
76
72
71
68
69
66
67
60
44
30
7
2
3
13
51
62
51
54
57
60
60
63
68
70
69
65
61
54
39
29
14
6
6
9
11
8
11
39
49
39
56
52
52
55
50
53
55
84
79
67
80
56
59
55
48
56
50
56
57
49
61
55
41
69
68
66
63
64
62
63
60
53
44
24
5
2
3
31
53
62
64
61
65
64
67
68
72
70
65
56
45
28
19
17
10
5
8
12
11
12
11
46
50
38
57
52
51
55
50
52
52
80
78
78
80
54
58
54
44
55
48
54
56
48
60
54
39
62
62
59
55
58
56
61
53
46
35
14
3
2
7
48
56
61
63
66
74
66
67
66
66
67
59
46
26
17
16
18
12
8
15
23
19
15
11
50
47
39
56
53
54
57
54
54
51
77
78
78
79
55
50
50
44
55
48
56
57
48
55
53
38
53
55
52
52
49
52
50
51
39
26
9
1
1
9
50
55
60
63
66
66
67
66
69
68
68
57
47
31
30
35
36
21
25
37
32
26
15
12
51
50
38
55
54
55
57
51
54
49
72
78
80
78
53
61
52
43
53
48
57
56
48
56
53
36
45
46
48
46
49
50
50
51
41
20
4
0
1
2
7
19
34
48
56
59
64
62
64
62
61
56
49
46
46
47
50
43
44
46
42
24
11
14
52
49
38
54
53
57
59
51
52
46
67
79
80
78
55
55
51
45
56
46
56
55
48
55
50
35
53
53
54
53
60
57
55
49
26
10
2
0
1
2
2
4
6
9
16
28
42
52
55
59
56
54
50
51
52
53
55
51
46
41
35
18
9
19
52
48
40
55
54
58
60
51
49
46
69
80
82
78
55
56
51
46
58
49
56
54
49
54
49
34
52
54
54
56
60
54
51
43
22
6
1
0
2
2
2
12
35
27
12
6
7
15
22
36
41
46
46
46
43
44
51
44
37
28
20
13
6
23
52
49
39
55
53
58
59
51
50
46
62
81
83
81
51
55
51
48
60
49
56
56
53
57
51
36
51
53
56
57
59
53
47
31
12
3
0
0
1
2
3
21
45
43
40
35
23
10
5
7
13
22
28
32
36
37
40
38
32
24
14
8
5
27
53
48
38
54
52
56
57
46
48
48
62
82
84
76
54
64
53
50
60
50
58
62
60
71
74
87
51
51
57
55
56
48
37
20
7
1
0
0
3
2
4
28
43
43
40
40
40
41
33
18
12
14
14
17
24
32
34
34
32
18
13
7
5
32
54
47
37
53
51
57
56
46
51
49
61
68
140
149
128
119
64
50
58
60
68
77
85
95
102
105
51
50
52
54
50
38
29
14
4
0
0
1
2
2
6
39
43
36
34
38
39
38
44
38
30
20
15
12
14
22
28
31
24
18
9
5
6
40
55
48
37
51
48
57
56
49
53
50
120
185
69
23
21
54
66
67
81
81
92
100
104
109
110
107
52
52
52
49
50
31
22
7
1
0
1
2
2
2
13
43
42
40
42
41
43
43
41
42
39
33
22
16
15
17
21
27
22
15
5
4
7
45
58
48
40
51
47
56
54
52
65
171
158
61
46
55
53
59
80
87
88
89
98
102
102
107
108
106
54
50
52
49
35
29
10
3
1
0
0
2
2
2
17
37
40
41
42
42
39
41
38
43
39
38
33
25
22
18
21
22
24
12
3
4
7
48
53
46
38
49
48
52
52
73
170
147
54
23
85
87
81
72
76
88
88
92
101
103
102
103
106
104
53
48
41
33
23
15
5
2
1
0
1
2
3
4
22
35
36
36
39
40
38
40
39
38
37
38
37
32
25
20
21
27
23
9
3
4
7
48
52
41
35
49
56
73
84
92
95
96
92
77
33
88
87
83
79
83
98
102
102
102
107
106
104
107
45
36
27
17
9
6
4
2
1
0
0
2
2
5
27
39
41
35
35
36
37
39
37
38
37
37
36
36
35
34
35
35
27
6
3
4
8
52
53
60
72
86
94
97
100
104
104
99
97
92
74
42
90
89
89
85
87
104
102
102
102
103
104
105
35
22
13
8
5
2
2
1
1
1
0
2
3
9
33
36
36
36
34
34
35
38
39
37
38
37
37
38
41
41
46
40
30
3
3
4
17
90
96
86
91
95
95
97
98
98
102
99
96
96
92
66
50
95
96
93
94
89
102
101
104
102
103
103
16
10
6
4
3
2
2
1
2
0
0
1
1
14
35
36
34
34
32
34
34
40
38
39
35
36
39
40
44
45
47
41
20
4
3
9
61
164
201
85
81
86
89
88
91
93
97
99
98
96
94
92
57
69
94
95
99
98
93
102
101
105
105
102
8
5
4
2
1
1
2
2
1
0
0
0
1
13
33
35
36
37
36
36
35
38
37
39
36
39
38
42
46
45
47
37
11
3
6
46
152
227
227
183
78
81
83
83
82
87
93
93
96
95
95
97
91
51
85
96
104
105
98
94
102
103
105
103
5
3
3
3
2
1
2
1
1
0
1
2
2
12
24
32
32
35
35
35
36
39
39
37
35
38
37
42
43
46
43
28
6
4
10
83
220
222
226
224
166
73
78
84
82
82
88
91
92
93
92
93
95
88
48
96
104
108
110
99
96
101
103
103
3
3
3
3
3
3
2
1
2
0
1
2
2
13
23
23
29
34
35
37
36
39
40
36
35
38
38
40
39
41
35
14
6
5
28
142
216
217
220
227
225
146
73
80
83
85
87
90
90
90
90
92
96
94
86
54
101
109
111
113
95
101
102
102
2
3
2
3
2
2
2
1
2
0
1
2
3
16
20
21
21
25
30
36
39
40
40
36
36
40
40
42
43
36
25
11
5
6
31
142
215
215
221
222
224
225
130
76
79
82
83
86
87
88
89
92
92
94
93
83
62
108
113
113
115
98
101
103
3
3
2
2
2
2
2
2
1
0
0
2
7
22
24
22
22
23
26
28
31
36
37
37
40
40
43
44
39
25
13
8
4
7
13
45
161
214
213
222
221
221
222
118
77
79
80
81
85
87
88
89
91
92
94
95
75
72
109
113
117
116
97
102
3
4
3
1
2
3
2
1
1
0
1
2
15
28
30
28
26
24
27
28
32
35
37
34
41
41
41
38
27
15
12
10
3
8
12
20
61
178
212
212
222
221
222
213
105
75
82
82
82
84
87
88
90
90
92
94
94
67
85
109
113
117
113
95
7
6
6
6
8
8
4
1
0
0
1
4
23
29
32
32
31
32
31
30
35
37
33
32
37
37
34
26
17
14
13
9
6
9
14
56
35
72
192
210
210
220
219
221
207
97
79
83
84
83
86
87
90
89
92
93
95
94
64
92
111
116
118
111
16
15
14
19
17
9
2
0
0
0
1
10
24
27
29
32
32
34
34
35
35
35
34
33
36
31
22
18
14
14
11
9
7
44
85
95
90
57
83
198
207
209
217
217
222
195
89
82
84
86
84
85
85
87
90
91
91
93
93
62
100
108
117
119
20
21
20
20
14
3
0
2
0
0
2
10
17
20
26
28
32
34
35
37
37
36
36
34
31
21
14
13
14
11
13
24
80
77
83
88
77
77
51
94
208
209
209
219
218
222
185
81
81
84
83
85
83
82
88
90
92
92
94
89
59
104
108
111
21
21
19
12
3
1
1
1
7
0
2
13
14
16
22
26
27
33
34
37
39
36
33
27
19
13
10
9
13
14
21
70
164
93
74
73
74
70
73
52
108
209
205
213
215
219
223
170
78
82
83
85
84
84
87
89
92
94
96
99
86
63
105
113
21
17
12
4
2
1
2
0
25
0
4
20
22
20
22
26
29
31
34
36
37
34
26
18
14
11
11
13
16
17
35
116
228
217
97
67
69
68
67
73
50
127
207
204
214
213
218
223
154
81
83
85
83
85
85
88
89
90
95
96
95
78
71
105
14
7
4
1
1
2
2
1
48
2
6
18
23
23
24
28
31
33
34
34
34
28
22
15
15
18
22
24
27
28
56
185
222
228
216
114
65
65
64
67
72
47
141
204
202
214
213
218
221
135
81
82
84
83
86
86
89
89
89
93
94
95
67
81
10
5
2
1
1
2
2
0
61
13
7
18
23
25
25
29
31
31
29
29
26
23
19
19
24
30
35
40
80
99
93
227
225
228
223
226
129
63
65
65
68
69
51
158
200
200
213
210
219
222
121
81
83
83
84
85
85
87
88
91
94
96
94
58
8
4
2
1
2
1
0
0
63
13
7
15
22
25
27
30
34
34
27
24
20
21
23
27
31
60
107
143
126
62
162
222
227
223
227
230
226
157
63
65
67
67
66
56
169
199
199
210
214
220
219
110
84
83
83
83
83
85
88
90
93
94
95
95
6
1
1
2
2
1
0
1
46
2
8
16
20
27
28
31
34
31
25
21
21
23
27
33
78
120
94
82
91
42
224
230
229
226
226
220
222
230
174
67
65
65
68
63
62
176
197
200
210
215
222
212
103
82
80
83
82
83
85
88
82
95
91
61
4
1
2
2
1
1
1
1
18
1
8
18
21
23
26
28
29
26
24
26
29
30
33
53
113
190
98
87
77
73
227
224
228
222
222
220
226
226
229
184
71
66
67
70
57
74
182
194
201
211
215
223
206
92
73
77
78
75
102
123
154
136
77
110
4
2
2
2
2
0
1
1
5
1
10
16
21
24
25
25
27
25
28
30
31
34
36
63
156
182
171
92
59
34
104
221
216
219
220
217
221
223
226
219
190
76
68
68
71
53
80
188
194
201
211
221
232
141
83
107
130
159
153
143
124
89
103
139
4
2
2
2
1
1
1
0
0
2
11
15
19
22
23
21
24
27
27
29
33
32
51
75
178
180
178
162
89
68
38
80
212
221
223
208
217
220
220
217
224
204
89
71
67
71
53
89
189
194
208
216
125
112
134
141
152
149
144
129
116
81
60
34
3
2
1
1
1
2
1
0
0
3
12
16
19
21
22
22
24
25
25
28
27
61
108
84
173
173
175
175
157
83
69
40
67
209
220
218
222
219
218
206
211
221
206
106
72
69
72
50
102
192
201
139
105
124
136
141
141
142
103
67
26
14
15
14
3
1
2
1
2
2
1
0
0
4
11
13
17
20
24
25
26
25
24
25
54
129
207
128
114
169
169
175
169
156
79
67
45
57
195
210
219
211
218
208
208
211
225
217
118
70
68
73
48
113
207
103
125
138
132
98
72
28
26
17
10
13
15
18
2
2
2
2
2
1
1
0
1
6
11
14
13
18
23
26
27
25
23
25
73
202
194
188
98
110
169
167
169
168
152
76
68
46
50
184
206
207
214
207
210
214
206
219
224
138
68
70
71
53
125
100
81
55
28
31
21
24
19
13
13
13
18
22
2
2
3
2
2
1
0
0
6
5
12
16
16
16
19
23
27
23
20
49
127
203
192
187
188
91
111
164
164
167
163
152
77
65
50
41
176
205
211
194
206
207
204
211
212
218
164
71
74
73
52
38
31
23
29
26
23
23
19
18
16
19
23
30
2
2
2
2
2
1
2
0
14
4
10
15
18
18
17
20
22
20
18
44
168
198
193
191
186
186
81
114
160
161
164
166
150
78
65
53
36
166
204
202
200
204
206
205
203
210
213
181
79
59
44
43
41
38
35
32
30
29
29
28
27
26
30
31
2
3
2
1
1
1
1
0
20
4
10
14
15
18
18
19
20
19
18
21
73
195
190
190
188
179
179
69
114
160
163
165
163
151
75
66
56
29
152
200
207
197
198
206
210
201
215
203
190
79
46
40
40
38
39
40
46
54
53
52
52
54
57
54
2
3
2
1
2
1
0
0
28
4
9
14
15
17
19
20
20
19
16
17
24
82
189
190
181
182
178
166
55
116
161
159
163
156
152
76
67
59
26
137
204
208
201
206
194
202
204
207
211
197
93
54
47
49
55
66
73
80
88
88
90
90
95
121
2
2
2
0
2
1
0
1
45
5
10
16
17
16
20
21
17
14
13
13
14
27
96
184
186
176
175
172
151
46
115
158
158
162
163
152
77
67
63
25
116
202
205
207
204
208
198
204
205
203
201
109
70
77
87
87
89
92
93
94
92
98
162
167
2
1
2
2
2
1
1
1
61
5
10
15
16
17
20
19
19
14
12
13
13
14
31
106
181
177
169
171
172
147
39
114
158
158
162
165
153
81
69
67
26
99
196
201
208
197
192
202
198
205
208
210
129
83
88
89
90
87
89
83
125
193
190
88
0
2
2
1
1
1
0
1
62
4
8
11
14
19
18
17
16
12
13
13
11
11
13
36
125
177
174
170
173
182
140
38
119
155
156
163
163
154
84
69
72
24
85
190
205
204
195
203
202
194
197
213
218
145
83
87
84
83
93
167
190
183
125
81
2
2
2
1
0
1
0
0
47
4
9
15
18
19
19
18
15
10
12
12
11
11
12
14
41
144
173
175
175
177
187
129
35
118
152
157
165
165
158
86
73
73
26
69
179
191
206
200
199
203
191
204
206
212
162
68
80
128
186
186
176
154
98
99
2
2
2
1
1
1
0
1
36
4
8
16
21
22
22
17
14
13
15
12
12
12
12
15
15
49
150
171
175
177
180
191
111
37
116
154
158
164
169
158
88
75
76
30
56
169
194
201
197
198
200
189
200
215
144
116
154
170
170
169
157
111
41
30
2
2
2
1
1
1
0
0
33
3
7
6
11
14
18
17
17
16
15
13
13
12
10
8
7
8
52
153
173
175
178
186
195
95
38
115
155
158
168
169
164
91
76
80
35
44
158
191
197
187
188
190
191
162
107
146
156
149
166
159
85
20
36
68
2
2
1
1
1
1
0
5
24
4
7
6
7
6
6
7
7
8
9
8
7
6
5
4
3
6
9
60
159
176
177
178
186
191
87
36
120
154
162
168
169
166
91
77
82
42
34
141
192
199
204
197
186
132
135
139
157
169
116
37
37
76
94
85
1
1
1
1
2
1
0
9
21
3
6
8
9
10
10
8
8
9
9
8
9
7
6
6
6
6
7
12
70
167
180
171
177
185
189
73
38
121
157
155
170
167
163
92
78
86
46
31
122
191
191
208
180
119
134
159
143
55
41
73
97
113
127
68
1
1
1
2
1
0
0
11
19
3
7
10
13
12
13
10
12
10
8
8
8
7
6
6
5
5
6
8
16
82
169
182
169
177
186
184
63
35
118
156
159
164
169
167
97
81
87
49
29
103
192
203
146
136
154
86
37
66
95
103
110
111
52
48
1
1
1
2
1
0
0
12
17
3
8
9
13
14
12
12
11
11
9
7
6
5
5
5
4
3
4
7
11
24
91
169
185
165
176
188
176
56
35
122
156
149
169
172
170
98
86
89
52
25
86
189
137
102
38
51
86
104
105
133
149
78
83
25
2
2
2
2
1
0
0
14
16
3
7
8
11
13
12
10
10
9
8
6
5
5
4
3
3
2
3
7
15
13
27
100
165
176
168
178
190
171
49
31
118
150
157
171
170
170
102
89
96
52
34
66
54
39
74
100
103
131
158
154
118
50
23
24
3
3
1
2
0
0
0
14
16
3
8
8
10
9
8
8
9
8
6
6
5
4
4
4
3
2
2
6
15
18
7
31
109
163
179
171
182
192
162
43
31
113
156
158
169
173
177
102
94
96
109
85
55
94
104
126
151
156
153
100
57
20
12
18
2
2
1
1
0
0
0
14
12
3
7
9
11
8
7
7
7
6
6
4
4
4
4
3
2
2
3
5
12
17
6
6
38
119
165
180
175
178
193
157
40
31
112
159
158
171
178
185
109
105
101
110
105
120
144
151
152
102
68
60
51
33
9
7
2
1
1
1
0
0
0
11
11
4
8
10
9
9
9
5
6
6
4
4
5
4
3
3
2
2
2
4
9
11
5
5
7
43
134
169
177
170
181
195
148
38
35
103
158
157
180
189
171
95
92
102
130
143
144
98
62
65
71
62
50
20
6
6
1
1
1
1
0
2
0
8
15
3
6
7
8
9
8
6
6
5
3
3
4
4
3
2
2
3
2
4
8
11
3
5
8
7
49
140
174
175
173
187
198
141
34
36
109
162
168
192
99
95
113
130
131
89
59
60
87
126
106
55
44
5
4
37
1
1
1
1
2
1
1
4
15
3
7
7
6
5
6
4
4
4
3
3
3
3
3
2
1
2
2
4
7
8
2
3
4
5
10
60
149
176
173
175
186
194
127
37
36
107
173
157
93
119
116
78
54
72
93
134
133
130
86
66
4
5
10
28
3
2
2
1
2
1
1
3
16
3
6
5
5
3
3
3
3
3
3
3
3
3
3
2
2
2
3
4
7
9
1
2
2
3
5
26
66
154
179
173
177
189
194
115
41
39
116
145
103
68
59
89
116
131
132
147
143
88
22
7
13
18
25
23
2
2
1
2
1
1
0
0
16
3
4
6
4
3
1
3
3
3
3
3
3
3
3
3
2
2
3
4
7
10
1
1
1
1
4
22
35
69
159
181
171
177
192
196
111
49
47
85
68
91
115
120
134
152
125
82
47
43
23
24
22
21
23
22
2
1
2
1
2
1
0
0
16
3
5
5
5
4
4
2
3
3
3
3
3
3
3
3
3
3
3
4
7
8
1
1
1
1
4
19
27
28
80
166
184
174
181
196
120
64
79
99
116
122
143
142
96
62
52
34
24
20
25
22
21
21
22
21
2
1
2
1
1
1
1
0
15
3
4
5
5
6
5
5
4
3
3
2
2
2
3
3
2
3
2
5
6
7
1
1
1
2
3
17
24
22
31
84
168
190
181
87
84
104
112
130
144
116
78
50
49
22
25
21
21
20
23
21
21
21
23
22
2
2
0
1
0
1
0
0
15
1
3
5
8
8
8
8
6
4
4
3
3
3
2
2
2
2
3
4
5
5
1
1
1
2
3
16
24
21
22
31
92
182
170
79
106
137
137
91
56
52
33
25
25
17
19
19
19
20
21
21
21
21
22
22
2
1
1
0
1
1
0
0
17
1
5
5
7
8
9
9
9
6
4
4
3
3
3
3
3
3
3
2
4
5
1
1
1
2
3
17
25
21
20
21
35
107
151
131
104
70
48
42
26
26
27
21
20
16
19
19
20
18
20
19
21
20
23
23
3
1
0
0
1
1
0
0
23
1
3
5
6
8
8
8
8
5
5
5
4
4
3
2
3
3
3
3
4
5
1
1
1
1
3
17
26
20
20
19
17
36
106
60
47
23
23
26
23
22
22
17
16
16
18
17
18
18
21
19
20
21
23
22
