79
81
74
73
62
64
71
75
80
89
103
112
122
130
133
82
74
89
94
83
35
31
40
41
34
25
21
20
23
20
15
24
43
77
103
120
129
135
138
139
139
139
135
130
127
128
129
131
133
138
140
140
141
141
142
145
149
153
153
154
154
153
154
151
93
98
97
101
71
63
65
82
100
116
116
132
145
160
173
172
117
85
126
143
98
52
37
32
37
33
23
22
29
28
24
31
54
83
103
117
128
134
138
140
141
140
137
130
124
119
123
129
134
137
138
138
138
138
139
140
142
147
149
152
154
155
153
154
97
109
111
98
97
86
91
104
131
154
168
172
180
172
181
185
188
158
70
122
154
138
82
56
58
51
26
17
27
27
25
29
48
77
102
122
133
138
138
140
146
148
147
141
132
127
126
131
135
139
140
141
142
141
140
139
141
142
144
148
150
152
152
153
88
101
101
87
72
60
84
104
137
152
161
163
149
143
133
155
170
180
181
159
160
178
149
136
83
85
35
20
27
27
23
29
35
55
79
111
129
140
143
147
151
153
152
149
144
139
134
134
136
138
140
143
147
148
146
144
142
141
141
143
147
148
149
150
82
93
95
83
68
73
95
130
159
170
167
132
89
76
91
108
128
143
162
176
177
181
159
148
122
125
62
33
40
43
49
48
67
70
75
106
124
133
137
144
146
145
148
149
149
147
144
136
134
133
137
142
146
149
150
149
147
143
140
139
141
143
144
147
81
88
87
87
80
94
130
155
157
151
142
132
77
80
85
100
119
129
139
148
188
173
150
147
130
135
102
61
71
79
79
86
90
88
105
113
123
122
133
133
138
143
144
151
157
169
177
169
150
135
130
137
143
148
151
151
150
148
143
141
140
141
142
145
76
82
81
83
83
120
136
146
135
121
120
100
103
84
103
109
120
114
121
112
168
161
138
135
122
125
134
108
93
107
101
108
108
111
116
121
128
123
135
139
141
142
137
135
141
162
176
179
171
160
144
133
139
145
147
151
150
150
147
145
144
142
140
142
68
69
70
71
89
120
137
131
125
118
114
92
91
121
121
134
116
118
108
103
125
144
123
113
112
123
141
99
126
125
113
113
116
133
130
135
132
126
132
130
126
113
98
77
73
98
140
157
167
166
153
144
136
140
144
147
148
148
149
149
147
144
141
141
62
62
67
70
103
123
134
154
162
165
162
147
112
109
132
135
127
122
105
96
96
128
105
95
101
137
137
140
155
122
106
111
109
147
135
131
133
114
118
101
107
87
72
38
26
18
80
156
157
148
142
133
136
137
141
145
145
146
147
147
150
147
145
142
57
57
60
76
103
133
163
175
173
170
163
163
155
154
138
134
116
119
111
93
87
106
83
76
105
116
134
155
151
114
87
100
89
142
105
150
118
111
88
78
77
80
59
34
30
21
48
146
160
155
148
131
125
136
139
142
143
145
147
148
149
150
147
144
55
77
84
78
134
158
152
156
163
160
145
129
140
143
138
131
113
118
111
96
88
90
64
64
103
115
157
157
141
109
68
80
84
139
79
146
97
98
80
68
69
76
48
37
33
24
68
153
175
182
162
145
121
135
141
141
143
145
146
145
146
147
146
144
61
62
70
110
145
149
153
144
139
118
98
108
118
121
136
129
122
109
108
95
82
83
57
65
96
116
129
138
143
116
71
61
89
102
78
136
94
83
84
57
55
62
47
44
28
36
60
169
170
182
158
131
130
120
147
147
146
146
146
145
144
145
146
143
39
51
78
121
145
138
114
106
83
88
97
128
139
128
129
133
131
105
120
102
79
69
54
57
79
86
107
131
147
149
75
59
79
95
69
127
68
66
81
72
65
45
48
41
33
43
65
178
176
167
152
155
129
104
148
150
149
148
147
145
145
147
146
145
28
43
78
132
135
119
115
137
161
172
166
133
118
114
122
127
133
114
116
108
85
69
63
86
80
95
113
132
152
157
104
69
62
107
74
120
55
65
85
73
71
64
42
42
32
37
89
174
175
158
146
131
121
119
127
156
150
148
147
146
146
146
148
148
40
65
114
136
129
127
158
163
162
161
140
101
85
81
101
130
135
137
125
121
121
114
125
148
148
154
150
154
153
157
137
71
66
104
78
111
60
59
41
53
50
41
41
33
31
27
110
175
169
139
130
94
119
128
110
158
150
147
147
146
146
145
146
149
57
99
128
124
120
150
152
144
142
113
90
78
104
126
112
123
133
143
146
142
142
150
154
162
155
145
144
153
161
165
157
90
70
84
84
88
57
67
73
78
79
69
55
31
25
26
145
164
171
129
116
84
112
112
112
153
151
148
145
145
143
143
144
145
77
124
117
114
124
151
138
143
118
92
106
129
120
123
149
155
138
133
130
124
133
142
146
139
129
125
133
142
153
156
158
117
65
68
97
70
86
57
79
103
85
73
45
35
25
32
138
159
161
131
102
82
84
98
88
133
153
151
146
144
143
143
144
143
115
126
110
118
136
133
134
118
93
112
142
150
148
151
147
141
116
114
114
121
132
125
120
124
115
122
124
136
143
149
150
144
55
59
67
84
106
59
69
85
127
104
66
40
28
25
140
156
149
129
89
83
79
70
65
115
157
151
148
145
145
145
145
143
127
126
118
127
135
130
122
105
111
129
146
134
148
146
127
114
106
114
124
121
115
110
116
116
116
117
124
133
136
140
151
154
84
45
67
85
114
60
63
65
67
66
61
43
29
22
146
160
142
125
95
72
98
55
54
103
159
154
150
148
146
145
145
143
139
137
132
129
125
125
117
112
116
138
127
146
155
123
118
103
112
135
128
111
104
109
119
113
113
119
121
131
124
134
154
156
94
56
52
64
106
70
98
89
81
73
82
80
56
44
168
165
134
121
102
66
85
54
61
84
161
156
153
150
148
145
142
138
141
138
139
137
129
118
117
119
128
114
140
161
140
110
108
116
140
150
132
108
108
108
113
105
111
119
115
127
131
143
145
144
127
87
70
53
90
47
46
86
135
111
126
94
48
30
188
166
133
124
120
58
77
46
72
61
157
156
153
150
148
143
138
133
148
147
143
133
126
118
120
133
119
100
134
156
130
105
106
121
161
162
118
102
105
102
113
115
117
107
108
120
124
128
130
118
102
89
113
48
59
53
44
49
49
42
36
35
24
96
185
161
129
125
138
44
87
43
66
71
141
155
149
145
142
138
135
134
149
147
146
141
132
119
122
143
111
104
147
145
119
102
117
145
177
138
98
91
80
103
100
99
109
113
115
126
122
132
127
125
107
83
65
85
54
53
47
38
33
34
18
13
15
136
176
149
123
142
115
68
70
33
69
94
122
152
144
138
135
133
133
135
147
146
143
142
139
117
135
144
120
120
156
135
100
92
133
179
173
112
87
81
86
106
106
116
104
106
117
125
121
116
126
126
130
109
69
69
77
58
29
17
15
16
9
13
34
166
171
145
121
151
88
90
40
37
83
93
106
145
138
132
131
130
135
137
145
144
141
134
134
116
137
134
117
135
144
118
94
89
157
190
132
88
79
90
75
104
115
106
99
84
90
104
117
124
118
107
118
124
86
63
80
91
42
18
17
26
35
19
54
156
165
150
145
143
88
103
32
60
81
97
91
144
137
133
134
137
140
142
142
143
139
142
150
128
146
132
110
123
123
119
95
90
182
173
107
100
112
100
72
63
78
78
86
107
108
99
98
115
121
121
95
83
94
67
71
85
85
79
34
24
16
14
65
161
161
151
153
131
116
66
21
88
70
90
94
144
141
140
141
142
142
143
143
142
139
166
156
142
149
123
103
146
132
97
82
85
175
127
99
121
104
93
72
66
59
62
75
92
91
99
109
113
116
114
111
81
55
59
57
69
90
88
65
36
35
41
65
158
163
160
141
145
75
34
43
72
77
76
115
146
146
145
143
143
142
139
144
143
156
150
146
149
148
126
95
88
87
88
77
80
163
94
112
122
69
58
72
92
67
50
41
60
87
85
91
95
102
91
94
93
71
54
54
45
85
83
65
49
44
37
73
160
159
160
138
115
48
30
62
64
82
76
123
147
150
148
146
142
139
139
142
153
148
137
141
148
153
116
80
31
29
85
91
105
167
91
128
95
46
72
89
114
108
69
46
33
50
70
73
85
79
78
79
81
75
62
62
46
74
54
77
40
32
33
97
157
155
155
135
70
34
27
71
69
85
79
111
150
153
148
144
141
140
141
140
155
157
135
145
148
147
117
102
59
63
106
117
141
164
80
115
57
37
33
55
115
135
141
124
67
38
55
59
68
71
72
70
71
75
75
60
52
55
71
48
72
34
40
132
169
148
154
102
45
35
37
80
74
87
77
103
149
155
149
144
142
140
140
140
164
150
147
139
147
145
115
103
73
115
148
160
192
140
77
90
47
15
15
36
63
120
158
151
124
62
50
57
68
71
70
64
68
68
73
84
50
48
58
55
58
41
54
153
162
149
143
85
38
27
75
86
79
90
83
103
143
153
151
148
145
145
144
143
149
152
142
138
146
146
115
93
112
186
192
213
182
134
92
75
29
11
54
12
19
47
65
128
140
97
64
72
74
95
89
64
61
73
67
71
71
40
43
47
57
58
92
157
151
173
128
69
40
47
109
87
90
92
83
96
133
152
151
149
148
146
145
143
140
145
142
147
143
144
109
134
206
233
235
220
170
138
93
55
18
36
77
8
18
16
16
26
67
99
80
77
81
81
82
77
56
56
65
54
85
58
32
39
55
68
128
156
172
142
115
46
35
108
79
97
97
90
84
94
135
149
149
150
148
148
148
144
144
141
134
156
150
169
189
220
218
218
219
211
179
128
79
84
39
57
49
14
8
9
13
14
21
54
62
66
75
69
74
68
59
50
55
52
87
107
46
29
79
107
152
170
158
116
98
35
106
79
80
108
98
92
90
94
139
152
149
146
147
145
145
151
151
151
164
197
201
154
138
170
192
205
215
205
156
113
73
96
102
49
55
10
15
31
11
18
57
53
36
30
40
46
48
51
57
47
46
59
76
144
104
83
133
150
158
151
140
125
68
105
84
61
100
101
97
103
92
98
144
151
148
147
144
143
143
158
160
147
149
142
152
160
161
176
206
220
216
203
170
117
67
86
88
65
26
11
10
15
21
55
71
58
46
33
31
40
37
35
43
43
36
57
82
122
147
137
106
129
155
165
134
110
102
59
55
73
107
104
101
103
94
108
140
151
147
144
142
142
143
138
48
73
50
48
81
116
158
190
176
200
202
199
198
139
77
73
110
98
43
33
31
36
45
56
58
50
40
35
44
55
57
44
38
55
86
107
125
139
131
114
110
165
165
140
125
97
56
37
73
81
109
98
109
100
100
112
136
148
145
145
142
140
141
76
14
27
53
19
24
67
81
114
109
153
179
190
187
161
90
74
145
144
86
42
43
40
43
44
42
37
42
48
76
97
106
100
102
96
68
82
110
151
143
154
158
145
135
142
120
77
85
60
86
113
86
107
105
100
100
107
138
152
146
143
140
139
139
107
11
5
5
9
10
26
76
132
114
149
181
180
175
150
93
79
132
164
163
108
56
42
37
37
43
42
49
84
126
136
98
80
79
65
85
112
124
124
118
120
142
149
161
147
122
95
117
98
96
128
97
124
88
105
99
104
141
166
151
143
140
137
136
119
11
5
3
3
7
36
106
142
148
168
171
168
159
149
111
69
104
154
165
176
132
83
60
53
49
50
76
117
120
98
87
80
86
93
79
84
137
131
122
143
152
156
154
110
99
121
141
86
151
87
120
117
89
110
97
97
139
185
152
141
138
133
134
147
19
9
10
14
17
88
151
180
179
182
164
147
147
141
128
86
81
135
158
161
148
133
80
66
59
70
91
93
94
102
86
95
76
83
111
148
145
149
141
141
127
129
85
98
102
138
114
138
116
94
131
114
98
123
96
85
125
174
152
141
142
136
131
175
89
13
38
67
45
91
137
115
124
124
151
154
141
142
123
94
76
114
140
132
136
142
126
71
75
91
108
112
99
85
88
78
104
109
105
104
117
136
145
105
97
82
64
93
130
121
131
130
134
135
111
124
115
134
81
78
121
159
173
183
174
145
136
165
152
42
70
49
59
95
153
149
146
166
154
151
130
122
91
74
57
68
92
92
94
105
100
105
98
74
87
104
87
93
85
90
79
107
118
93
82
114
116
95
73
114
85
83
114
130
130
116
139
137
151
134
123
135
70
76
119
144
166
189
189
180
161
158
160
104
85
49
75
99
133
131
124
117
144
159
137
103
65
55
56
56
59
67
70
71
75
81
101
86
85
77
75
79
78
120
130
106
61
41
88
123
82
54
73
123
126
118
106
135
100
118
137
102
170
124
150
124
69
100
126
135
161
193
205
202
193
158
162
163
165
116
85
97
146
144
150
139
138
140
136
111
89
63
52
57
59
62
64
54
49
69
62
69
59
69
96
107
126
130
96
77
47
60
125
130
71
72
88
115
136
111
106
131
97
142
146
130
138
129
159
94
93
114
130
138
146
168
189
189
186
155
160
166
171
168
70
67
94
128
145
130
132
130
111
67
52
48
43
42
28
19
18
21
29
41
43
77
102
103
76
93
95
64
69
44
74
107
136
137
81
90
124
133
111
110
108
116
107
138
142
161
153
141
117
91
113
123
130
134
143
158
188
209
202
149
156
162
167
127
19
31
23
56
88
106
112
112
94
59
31
25
17
10
15
17
23
33
38
49
83
80
76
82
94
108
58
62
51
52
112
131
138
150
77
111
138
152
135
114
118
100
117
142
136
147
140
133
105
101
121
124
129
136
142
146
156
182
195
145
152
159
164
55
5
27
13
38
35
15
17
27
44
10
20
31
45
73
99
111
110
75
45
83
70
56
63
82
117
65
52
62
41
91
144
140
145
161
86
128
143
146
148
123
135
110
133
113
121
139
151
124
111
115
122
127
132
135
137
144
148
156
175
147
151
157
160
113
16
15
8
28
26
6
7
12
24
16
76
115
136
140
141
145
144
135
109
86
80
70
57
93
89
68
61
40
74
143
159
146
145
150
110
126
148
152
158
126
129
131
146
133
162
141
151
125
113
123
127
130
135
136
133
136
143
145
158
148
151
155
160
154
72
18
12
31
25
12
14
23
23
51
115
135
137
141
145
147
150
146
144
129
96
76
91
75
60
57
42
33
129
151
159
144
145
149
115
117
147
155
153
141
130
142
141
108
147
148
143
133
113
129
129
133
137
140
136
132
137
144
147
152
151
153
157
159
149
99
35
31
49
45
75
92
102
125
132
137
142
144
145
144
144
144
141
141
138
112
58
54
51
48
38
34
155
140
148
135
138
148
132
97
145
153
148
148
142
118
132
88
123
126
145
126
121
124
135
132
137
139
139
133
134
142
147
152
151
152
155
159
163
162
155
143
129
118
127
133
133
132
139
138
132
127
128
130
130
136
136
138
138
130
80
46
49
45
37
66
156
126
136
121
131
145
142
117
140
157
159
156
156
142
119
111
124
118
152
124
125
126
130
141
142
142
140
136
136
140
144
150
150
151
153
156
160
163
163
162
160
158
160
166
184
199
208
210
170
121
121
123
126
134
130
131
132
126
110
47
45
49
74
148
156
132
133
117
121
146
142
153
134
159
149
155
134
127
111
117
119
121
147
122
123
133
127
146
140
144
142
140
134
142
143
151
150
153
151
153
154
158
160
160
157
156
161
170
184
198
207
207
193
155
124
118
117
133
125
125
124
120
113
79
82
126
157
171
142
146
154
119
134
143
137
154
135
145
118
129
121
110
102
116
114
128
139
124
125
137
129
142
148
143
143
145
132
140
142
151
150
150
154
154
150
151
157
158
156
154
155
159
163
172
185
182
175
152
138
124
118
116
124
115
115
112
113
139
146
155
175
180
145
158
173
143
130
139
151
149
136
131
114
127
133
107
108
114
116
138
132
127
129
138
135
147
160
159
148
141
140
141
139
153
150
151
155
155
152
151
155
154
153
151
148
146
146
148
141
161
162
145
133
132
124
116
109
104
100
101
112
160
163
159
177
177
146
173
180
173
130
138
151
174
158
124
116
122
136
107
107
116
121
143
128
129
133
139
141
155
164
161
154
153
148
145
142
152
149
149
153
153
150
152
152
153
150
148
146
154
157
158
152
169
158
142
134
131
132
113
104
95
92
108
151
185
169
158
166
177
156
178
197
190
166
121
145
171
165
158
129
134
148
106
108
115
140
134
130
132
134
138
138
146
148
155
159
154
148
148
145
148
147
149
148
149
150
151
151
150
148
147
147
148
158
162
171
180
177
179
159
135
130
110
100
93
100
143
177
187
175
156
153
186
180
179
211
202
196
132
134
154
171
188
143
140
128
112
110
123
147
132
132
134
130
134
140
145
148
159
165
153
150
150
147
147
148
149
147
148
149
149
147
148
149
147
144
139
145
128
162
182
181
176
155
132
126
115
118
116
136
167
178
185
173
153
144
197
199
200
209
208
191
158
144
113
168
187
169
126
123
113
115
139
146
141
137
133
136
130
144
150
153
159
160
153
150
148
148
149
147
151
150
149
148
147
148
148
147
149
146
141
143
155
176
193
195
173
147
135
123
124
157
142
160
167
180
181
175
157
143
172
223
205
207
209
183
167
121
105
115
183
177
128
126
117
131
141
147
151
147
135
141
153
150
152
155
159
155
150
150
149
148
149
149
150
151
148
147
147
147
149
150
149
147
142
142
153
176
185
188
159
148
129
115
147
165
144
171
177
182
186
179
166
151
153
219
194
198
195
166
146
114
109
118
158
169
132
133
120
136
138
114
146
153
158
160
155
146
136
158
159
154
142
137
144
148
146
149
150
148
148
149
149
147
146
146
149
145
146
150
156
165
167
167
146
133
119
126
166
165
169
191
192
190
185
190
180
163
165
210
188
182
175
161
144
112
112
111
138
161
138
135
133
135
137
124
139
150
160
163
155
126
91
137
160
149
152
133
140
144
145
147
146
143
145
148
147
150
147
144
143
144
145
146
156
163
151
142
128
118
112
143
180
181
171
186
195
193
186
197
191
171
179
198
169
176
157
142
119
114
114
123
129
158
140
136
134
142
140
136
130
148
156
165
147
130
56
80
111
133
151
148
145
148
143
143
143
143
144
146
147
146
145
143
143
142
139
148
158
175
157
135
120
112
132
167
175
154
162
183
195
192
193
199
195
167
188
186
169
171
137
122
109
113
136
122
133
159
139
130
137
144
147
144
134
145
152
158
139
124
54
34
32
59
131
154
147
147
