1029
1024
814
806
747
789
744
836
780
555
379
-50
-144
-211
-131
647
754
375
420
486
542
517
581
703
780
820
827
860
814
570
433
128
-42
-19
57
93
-88
-115
510
626
252
655
534
496
581
455
446
428
1084
879
572
971
447
609
582
426
627
466
607
622
406
754
590
200
678
574
403
346
392
360
428
443
430
429
153
-146
-214
-327
144
460
460
390
273
358
308
356
368
475
471
449
369
260
-15
-83
-14
-126
-218
-110
-3
-29
-124
-269
519
445
-21
428
275
199
310
189
138
49
651
497
486
621
73
297
295
69
349
159
295
332
111
480
327
-86
275
203
-6
-93
-1
-36
137
56
89
88
-163
-223
-228
-256
506
425
271
149
137
294
53
45
5
20
104
25
-139
-459
-528
-390
-219
-306
-368
-134
105
34
-192
-419
455
163
-242
152
39
0
88
24
-87
-271
252
147
127
249
-221
-187
-67
-184
95
-99
84
97
-153
112
61
-357
26
72
-94
-89
-159
-69
-55
115
39
-16
-184
-202
-205
-139
672
557
440
361
320
229
179
92
137
124
190
38
-58
-306
-216
20
116
-233
-107
271
221
132
-247
-422
458
218
-281
120
51
12
78
-50
-65
-295
139
157
179
214
-276
100
-9
-201
50
-95
111
83
-137
160
98
-356
-118
-96
-140
-194
-116
-71
17
221
210
-52
-212
-160
-147
-238
-305
-208
-27
199
299
308
367
242
232
156
155
106
34
57
119
211
326
172
240
400
415
46
-369
-385
471
177
-286
89
15
51
117
-54
-94
-348
32
197
191
211
-223
-46
-34
-155
116
-157
73
53
-138
139
38
-352
111
103
30
-7
176
140
214
276
-49
-197
-178
-105
-79
-149
-328
-462
-585
-640
-557
-282
43
251
281
349
259
218
143
191
219
267
339
270
218
236
237
-99
-408
-259
462
135
-236
115
42
85
155
-39
-137
-320
96
233
250
191
-242
-40
-61
-160
148
-102
47
-9
-169
11
-83
-457
17
77
21
61
178
103
187
231
-39
-199
-138
-65
7
-70
-233
-145
276
-74
-541
-708
-692
-510
-350
-16
102
214
195
165
52
54
230
99
13
-52
-78
-177
-458
-150
453
143
-255
122
22
94
140
-32
-92
-291
-115
148
90
12
-618
-288
-218
-204
151
-158
-39
-79
-226
-129
-233
-574
-140
-39
48
81
173
139
193
58
-170
-177
-104
-43
-15
-91
-237
64
532
352
230
121
-180
-521
-651
-606
-453
-227
-88
-24
24
4
66
56
3
-40
-123
-243
-455
-54
456
94
-273
107
9
57
99
-157
-195
-403
-268
76
56
-118
-457
-10
-195
-250
18
-296
-186
-155
-302
-66
101
517
-268
-153
91
74
173
129
79
-81
-184
-151
-71
-35
22
-144
-299
122
339
207
123
184
228
280
105
-253
-381
-309
-300
-242
-106
45
71
100
141
-72
-52
-222
-441
55
451
41
-293
95
3
100
72
-291
-345
-590
-468
-410
1447
1784
1422
1317
-21
-393
-214
-247
-149
-16
68
249
562
785
-395
-239
2
112
123
17
31
-98
-150
-110
-45
-5
-19
-186
-294
338
250
-78
-144
-4
63
88
301
208
69
-122
-210
-278
-245
-85
33
132
39
5
-98
-256
-417
240
453
50
-279
66
-47
102
-52
-446
-523
-742
850
2472
-300
-1363
-1333
-426
-111
-121
180
75
239
329
301
334
542
669
-475
-215
80
105
278
11
12
-150
-141
-70
-11
16
-45
-225
-147
419
209
20
53
29
80
98
92
173
180
123
-73
-175
-182
-152
-75
103
54
-20
-161
-274
-399
354
516
45
-192
60
-112
-12
-243
-556
-421
2117
1731
-662
-894
-571
-572
-424
90
211
162
68
168
161
55
112
366
580
-424
-196
216
277
93
139
-142
-150
-83
-47
-30
13
-72
-263
-81
242
140
53
75
76
-10
33
-27
128
86
139
102
-27
-62
-161
-85
-9
129
-66
-184
-272
-408
397
321
-105
-365
-154
-282
-330
-531
-276
1963
1296
-966
-1549
232
446
344
16
-31
133
-5
-24
94
58
-31
-40
305
564
-368
-117
115
71
-14
-44
-143
-97
-41
-33
-5
3
-83
-246
19
168
23
-58
15
34
-22
22
0
-16
-5
67
102
37
-99
-210
-164
79
92
-134
-179
-311
-503
258
102
-457
-664
-377
-309
-27
42
-30
-77
-13
-24
-201
-1050
424
328
122
-95
-110
158
168
87
21
97
52
309
735
-433
-244
-19
-120
-177
-122
-67
-43
-15
-26
-28
-6
-139
-246
126
255
157
-45
-45
-31
-15
22
-28
-6
-15
5
8
36
27
19
91
224
167
-213
-223
-476
-797
0
-267
-357
-37
361
454
386
258
200
170
86
118
186
-89
-860
290
199
108
-112
-154
195
73
20
-17
-13
365
785
-537
-404
-149
-143
-112
-104
-46
-31
-6
2
-25
-14
-138
-168
256
163
32
2
-46
-58
-45
15
37
-21
12
-11
-11
12
78
85
287
303
220
-326
-391
-836
-1115
273
133
-269
20
311
311
244
175
106
165
89
100
206
217
-341
-728
333
261
63
-22
-205
56
-6
46
-27
390
830
-879
-542
-142
-95
-56
-35
-7
-13
23
-22
-24
-46
-197
-49
304
161
-8
-31
-80
-45
-58
74
18
33
-60
-43
13
8
77
108
262
301
-38
-366
-668
-1179
-662
1300
1883
-980
-764
-285
-25
-26
-14
-6
64
95
87
131
179
216
-599
-317
210
114
101
-10
-175
24
-17
72
503
890
-975
-550
-73
-65
-57
-34
4
17
-1
-23
-26
-80
-202
-62
278
161
75
72
33
6
-36
23
-5
33
-37
29
-21
40
110
114
293
237
-245
-511
-942
-789
910
2030
1673
758
-1365
-752
-333
-137
-148
-77
33
-1
56
58
141
266
177
-794
-6
149
232
157
-82
-192
-1
25
550
974
-982
-529
-27
-2
-13
-26
6
-8
-2
-24
-2
-37
-172
-66
89
133
33
65
32
-12
-16
40
41
-20
-66
-3
-56
33
52
188
271
89
-326
-601
-1184
-356
1996
1183
931
1134
276
-1365
-716
-221
-108
-114
-16
14
8
15
18
110
216
77
-927
176
247
232
197
-116
-179
-42
508
1000
-1006
-503
0
12
19
26
7
-8
23
-25
-8
-52
-176
-31
87
-52
12
89
70
68
4
56
71
-47
-76
-18
-43
-4
3
151
179
-161
-256
-576
-867
920
1688
723
342
735
1194
-115
-1265
-591
-201
-6
35
60
21
-11
-35
46
193
173
-10
-847
206
280
229
206
-250
-72
469
978
-1016
-495
-18
12
-7
0
5
-9
23
-27
-25
-84
-180
23
3
-84
-146
-89
-12
79
102
100
77
-46
-56
31
20
94
188
141
48
-141
-222
-501
-678
1075
1838
825
349
361
732
1278
-416
-1111
-570
-200
-40
19
1
-8
-17
36
65
139
132
-118
-713
303
314
217
215
-187
417
984
-999
-498
-35
-35
-28
-18
-9
8
-3
-28
-72
-124
-128
125
58
-80
-121
-126
-98
-106
-80
19
14
-9
57
54
139
222
195
-11
-145
-140
-207
-439
-925
-997
880
1210
488
368
373
723
1290
-626
-1029
-535
-230
-86
-8
5
-7
-13
12
58
129
163
-360
-518
275
254
273
217
251
896
-1058
-533
-76
-119
-75
-28
-26
-20
0
-33
-75
-168
22
216
154
38
-38
-110
-72
-98
-41
10
27
-65
113
126
158
169
9
-158
-90
-74
-300
-459
-874
-1385
-1207
809
933
399
375
426
825
1156
-861
-1015
-417
-155
-61
-39
2
-3
14
-8
66
130
118
-585
-235
227
215
249
589
646
-1044
-571
-84
-60
29
68
14
-18
-23
-41
-96
-145
189
202
162
101
49
57
4
-57
38
71
-56
-81
69
107
91
-3
-120
-101
-87
-221
-424
-591
-830
-278
-1409
-1213
1023
817
326
339
421
871
1086
-984
-862
-357
-92
-36
9
10
53
-7
55
101
146
112
-675
-89
251
283
731
989
-887
-417
52
220
228
85
-40
-46
-29
-59
-122
-9
202
138
79
90
49
71
39
33
17
18
-4
6
139
83
-67
-71
-98
-99
-330
-526
-776
-113
697
753
248
-1075
-1048
1096
703
281
280
427
962
861
-1115
-742
-307
-29
-13
-11
-41
-25
16
33
33
81
69
-750
79
162
753
1192
-846
-321
159
222
143
-65
-111
-17
-55
-103
-149
-29
15
-44
12
-2
42
48
34
57
59
58
96
116
128
-39
-144
-102
-57
-269
-625
-716
401
40
73
339
38
-236
-1290
-844
1293
710
261
348
503
1021
689
-1251
-724
-282
-93
11
-65
-122
-4
8
43
47
97
-38
-844
164
610
1055
-795
-332
140
41
-110
-95
-119
-84
67
-172
-218
31
-65
-140
-70
-35
-75
19
2
59
123
92
81
19
-91
-167
-199
-193
-135
-435
-884
-234
1645
-431
-877
-538
-192
-221
-354
-1305
-547
1259
572
354
277
582
1121
399
-1252
-646
-266
-19
-12
-42
2
13
42
89
149
229
-106
-743
660
1223
-686
-356
27
-96
-82
-54
-132
-176
437
-260
-255
182
128
-38
-59
-22
-9
-13
26
69
120
98
-32
-152
-187
-225
-262
-278
-328
-833
-1203
129
2405
1780
-1012
-1186
-613
-296
-259
-356
-1401
-154
1148
511
370
256
626
1196
88
-1103
-568
-182
-58
5
-24
16
-4
-17
118
154
136
-295
-76
1148
-730
-479
-95
-103
-56
6
-179
-223
933
-294
-296
99
132
19
-24
18
44
54
62
72
111
13
-80
-231
-274
-305
-361
-428
-588
-1198
-1335
1163
1471
1278
1235
-672
-1240
-725
-405
-286
-408
-1536
136
1031
434
373
297
682
1215
-312
-1049
-556
-191
-60
20
-7
30
-14
-45
67
105
134
-156
622
-748
-450
-81
-54
-26
18
-216
-288
1212
-69
-327
71
100
38
-34
16
37
19
-25
5
-27
-65
-183
-284
-299
-334
-437
-398
271
35
-944
1624
833
621
765
1388
-348
-1346
-761
-425
-300
-527
-1487
508
893
365
357
256
757
1302
-599
-997
-492
-191
-24
4
-25
-15
-23
22
113
208
574
114
-689
-378
-35
-25
13
-4
-258
-282
1264
-66
-322
-9
67
32
8
37
121
117
-42
-83
-152
-135
-212
-400
-531
-58
863
1720
951
-1381
364
1138
453
105
425
890
1322
263
-1420
-816
-418
-374
-641
-1411
724
835
321
283
388
834
1281
-802
-855
-436
-145
-4
-33
-62
-90
-139
-69
3
481
985
-733
-442
-45
7
16
-3
-213
-210
880
-299
-253
16
15
87
40
75
141
67
-67
-143
-134
-146
-318
-623
128
872
-16
-224
-227
-2071
1798
1263
430
52
152
228
639
1357
609
-1385
-856
-514
-398
-764
-1317
851
753
318
282
431
900
1207
-852
-824
-485
-191
-251
-358
-420
-397
-518
-140
269
56
-868
-492
-12
10
-8
-2
-125
-136
249
-253
-178
83
48
7
14
24
39
-37
-86
-28
20
-75
-426
-524
468
1997
-494
-492
-765
-1194
2110
1366
627
137
2
8
357
723
1276
785
-1342
-883
-532
-413
-971
-1069
951
636
309
288
519
1217
1380
-886
-904
-605
-642
-837
-240
315
1215
898
-25
1361
-802
-435
-3
13
17
-28
-63
-65
-9
-186
-58
44
54
51
19
-15
23
-37
24
32
-64
-168
-682
-711
1078
1385
945
-632
-1274
-1978
-582
1719
783
437
149
-92
38
306
703
1004
899
-1262
-898
-580
-457
-1130
-973
1043
579
327
527
1122
1904
137
-885
-122
417
1098
995
913
700
54
936
2330
-639
-351
0
12
-10
-3
-18
-47
-93
-116
14
27
18
24
-3
-84
-27
30
-23
-129
-336
-636
-757
-877
1193
987
789
709
-739
-1105
-1932
-1259
1375
1044
621
-85
-43
78
247
499
1118
1197
-1029
-912
-689
-528
-1180
-806
989
667
818
1145
-777
-624
255
670
1024
1028
1037
902
860
198
136
-93
-544
-307
-25
-15
-11
22
-1
-34
-83
-77
60
61
35
21
-8
-46
-18
-13
-112
-367
-861
-422
171
-1025
796
621
566
776
698
-774
-961
-1795
-1519
1436
1110
588
344
120
89
-52
359
1024
1154
-704
-969
-720
-568
-1319
-570
1242
1269
-247
-857
52
615
906
1031
1200
454
-140
-874
-956
-576
-321
-396
-243
1
-17
13
23
-1
-38
-88
-58
33
-7
2
17
63
47
50
-20
-242
-716
-618
714
2069
-315
-840
444
358
617
689
751
-800
-950
-1596
-1656
1169
951
693
199
176
-91
41
373
1062
1355
-488
-1111
-821
-628
-1480
-26
2210
-358
358
1039
1076
327
-182
-1067
-861
-817
-757
-489
-207
40
-230
-107
2
7
11
-4
-17
-55
-79
-23
19
22
-86
-21
52
92
100
-16
-399
-1016
-592
1965
1177
747
-1415
-1016
418
392
544
723
711
-825
-870
-1499
-1757
992
932
520
366
-7
29
236
224
879
1476
-72
-1238
-849
-748
-1036
826
197
-148
-497
-1036
-824
-892
-600
-489
-437
-292
-211
46
228
-198
-105
26
6
11
-3
-61
-75
27
-65
31
82
4
-55
-30
37
124
-39
-496
-576
510
1629
744
379
622
-1516
-908
379
393
551
637
741
-757
-890
-1332
-1872
901
1050
723
-42
37
3
-28
341
671
1262
508
-1227
-789
-410
-655
-835
-896
-849
-567
-482
-411
-276
-267
-225
-260
-194
24
305
-281
-146
0
5
13
-1
-37
-101
202
-117
-44
63
65
9
-59
-13
29
-81
-488
-602
1646
1545
735
402
439
717
-1624
-730
365
390
524
740
720
-697
-845
-1190
-1926
776
1119
580
181
41
-12
21
137
595
1092
874
-1067
-978
-861
-464
-239
-149
-142
-187
-242
-280
-283
-317
-355
-430
-141
70
-464
-222
2
-18
-9
1
-106
-144
310
-162
-92
36
-10
13
-18
-7
18
-58
-386
-910
-375
1818
908
500
431
381
679
-1792
-619
455
504
586
681
759
-753
-793
-1087
-2015
515
1109
796
167
-73
21
145
68
694
806
1084
-981
-1169
-785
-419
-284
-236
-260
-167
-2
-53
-104
-193
-264
81
272
-751
-365
4
-16
16
-1
-188
-201
455
-215
-169
38
-9
-9
17
37
46
7
-261
-654
-1092
-426
1435
852
361
393
502
494
-2023
-478
547
444
557
512
785
-725
-759
-973
-2039
215
1286
875
312
172
-240
-31
161
512
1038
1254
-676
-1053
-789
-461
-183
77
185
319
447
314
172
63
525
1550
-974
-445
8
-39
20
2
-234
-223
835
-233
-182
97
49
-25
53
77
-8
-65
-129
-366
-782
-1091
-150
1294
798
319
335
470
218
-2166
-454
504
447
543
686
782
-705
-745
-848
-2012
-232
1302
854
517
168
134
-112
181
473
801
1266
-420
-869
-318
176
284
310
253
98
-113
-396
-341
1735
2399
-1118
-519
10
13
22
4
-234
-249
1210
-260
-212
68
19
-5
54
40
62
-35
-63
-96
-368
-807
-1028
64
1215
602
206
302
541
187
-2292
-440
543
472
545
727
776
-623
-701
-732
-1944
-592
1227
841
627
49
-218
20
32
412
833
1332
-166
-823
-324
-99
-57
-275
-501
-953
-103
1590
2125
239
-1253
-538
12
-10
-2
4
-267
-258
1227
-295
-277
-44
-46
32
-1
-3
0
-64
-8
-2
-153
-443
-878
-965
494
1099
533
252
389
825
53
-2281
-276
494
433
558
645
764
-570
-702
-584
-1938
-860
1171
1034
587
58
107
54
-86
176
845
1409
134
-988
-625
-599
-759
-802
806
1325
1316
557
188
-1058
-448
12
-10
-27
5
-253
-268
870
-267
-219
79
77
56
38
28
-23
-114
-36
-15
-53
-165
-446
-891
-874
939
975
536
367
477
949
-196
-2312
-267
447
468
583
658
814
-554
-616
-538
-1847
-1154
1013
775
727
273
69
108
-139
362
815
1443
635
-1388
-975
45
1268
1171
1048
836
192
940
-833
-348
14
-8
2
4
-218
-208
633
-221
-185
137
198
186
171
58
-1
-1
71
13
20
7
-126
-381
-887
-714
1033
862
484
370
528
1062
-600
-2213
-277
524
479
528
712
769
-540
-570
-452
-1686
-1394
849
933
684
254
73
58
-96
529
1328
-85
-483
602
915
826
888
893
111
-930
-569
-733
-344
14
-7
2
-5
-186
-199
594
-207
-158
-93
-25
20
110
95
106
103
93
56
67
55
-14
-225
-593
-1094
-699
1026
837
423
365
691
1206
-927
-2133
-266
546
467
588
677
882
-477
-546
-314
-1505
-1612
679
956
664
64
-110
7
328
-51
-1128
139
550
433
934
975
-600
-1896
-880
464
-719
-329
-10
-6
2
-17
-169
-55
389
-157
-117
-73
-100
-149
-161
-131
-123
-78
-43
-54
-62
-70
-82
-132
-337
-627
-1106
-572
1093
834
425
358
719
1166
-1060
-2129
-118
542
554
575
657
910
-507
-529
-260
-1298
-1789
356
1078
785
620
418
347
-674
-259
135
761
1194
29
-1730
-1471
-207
777
1031
-644
-301
-8
-4
28
-28
-160
55
323
-166
-107
1
-17
-11
-27
-78
-72
-32
-21
-28
19
-10
-16
-1
-42
-250
-625
-1099
-416
1201
854
245
343
742
1176
-1336
-2038
-57
621
386
617
594
802
-506
-530
-163
-1167
-1785
-20
1129
790
1156
593
-652
131
1053
781
-1356
-1603
-622
129
758
1606
602
-681
-297
-9
21
3
-67
-156
109
276
-165
-67
50
88
51
69
0
62
28
-10
8
29
23
14
27
3
-65
-287
-678
-1100
-221
1166
868
199
384
822
1117
-1535
-2061
-99
642
505
472
632
877
-432
-482
-144
-1067
-1797
-455
1466
1704
314
236
1023
-499
-1711
-951
-202
96
417
707
-276
127
-626
-256
-11
21
4
-75
-155
135
225
-168
-39
17
77
90
33
42
35
55
20
-8
-11
-20
-6
9
-10
-50
-128
-336
-692
-998
-88
1123
929
109
388
918
963
-1646
-2011
70
681
267
590
691
886
-460
-393
-101
-1030
-1958
-645
1833
496
-289
-1658
-1273
-460
-69
-53
795
1410
4
683
-245
-454
-166
14
23
7
-77
-148
190
203
-166
-59
-10
28
68
38
2
21
17
11
-15
-19
-3
-14
-25
-18
-53
-76
-113
-199
-719
-1002
92
997
671
173
457
1000
890
-1763
-2034
10
540
460
621
573
822
-431
-373
-27
-1150
-1583
-894
-1327
-1694
-695
-107
-120
544
1248
1385
865
-378
-513
-12
-251
-80
-10
25
-16
-75
-139
197
209
-160
-24
-5
13
-16
-40
-26
19
15
-18
3
-2
-12
1
15
-2
-36
-80
-49
51
-171
-921
-925
286
886
697
234
555
1079
722
-1834
-1996
-89
709
483
516
591
932
-491
-344
-123
375
-201
-1082
-211
37
510
1078
1198
1224
252
-398
-848
-549
17
-188
-62
-8
0
-16
-71
-134
201
117
-150
-38
34
56
-19
-40
-25
-4
-8
5
-28
-12
0
11
-2
-18
-26
-45
-53
85
75
-501
-950
-775
460
859
675
300
457
1135
660
-1873
-1967
-93
784
427
489
722
1218
-298
-86
96
405
198
487
1025
1095
1049
-107
-742
-515
-214
-200
-378
-116
-118
-95
-5
1
-17
-63
-126
135
102
-113
-6
73
26
32
41
-44
-1
17
-24
-11
26
9
-6
4
-13
-19
-56
-61
52
63
-230
-516
-938
-735
733
883
538
143
535
1225
477
-1884
-1832
-299
717
331
833
1178
967
-562
-287
11
677
964
909
-345
-1211
-935
-422
-145
93
-269
-285
-86
-134
-98
-6
-1
-21
-5
-119
69
214
-122
-46
14
22
56
43
8
23
14
-30
-22
11
18
1
-16
-10
10
-46
-43
51
117
-121
-205
-437
-1020
-690
791
919
420
196
694
1320
344
-1946
-1783
-180
779
804
1424
-746
-540
242
687
622
-537
-1355
-1305
-428
869
797
18
200
-523
-307
673
-152
-104
-8
-4
26
-19
-86
-22
227
-106
-12
32
-4
-19
19
-20
-7
4
-18
-13
-7
-3
4
-14
-34
-14
-40
-30
44
65
-87
-83
-211
-591
-1051
-523
896
862
324
236
673
1251
32
-1852
-1822
-233
1370
957
-624
191
319
-684
-1369
-945
-373
765
1019
1283
571
474
-692
-475
-145
431
-132
-95
14
-8
22
-11
-83
-41
262
-91
-29
0
-7
-47
-36
-26
-17
-10
-8
-5
-2
1
6
-15
-12
-17
-16
-27
52
103
-93
-49
-75
-309
-698
-759
-506
884
860
286
260
744
1334
-146
-1704
-1704
322
969
-206
-1057
-1135
-412
297
761
911
1410
1554
466
-831
-842
-369
-113
226
273
-190
-112
-14
16
-5
-4
-101
-108
271
-79
-72
35
-19
-35
-74
-15
-9
-4
-1
2
3
5
9
11
-13
-19
-15
-22
59
139
-74
-52
-36
-174
-392
-382
-667
-570
938
865
189
330
1092
1715
-13
-1304
-1247
-421
-994
-371
396
606
1045
1588
1024
97
-518
-331
-494
-187
-39
-1
178
226
-195
-123
12
-7
24
3
-94
-101
282
-67
-41
13
5
-19
-12
-51
-18
-11
-4
1
3
6
9
11
11
4
-15
-18
64
97
-63
-40
-20
-115
-210
-123
-385
-976
-368
1046
872
420
768
1542
63
-969
-408
105
495
710
1365
1443
389
-336
-414
-635
-615
-457
-127
-50
1
5
115
181
-198
-113
17
-3
3
9
-65
-96
263
-62
-66
9
-7
12
-12
-2
-15
-28
-15
-29
-24
-21
7
8
-17
3
-37
15
48
82
-54
-33
-15
-76
-181
13
-116
-632
-966
-336
1050
1223
956
-1168
-836
92
571
1139
1517
882
55
-504
-362
-816
-514
-411
-254
-146
-2
-25
-17
-15
131
206
-195
-85
-30
1
-19
11
-97
-101
259
-115
-96
6
56
44
39
49
14
-19
-2
-12
-5
1
-20
-19
-18
-22
-10
-2
32
41
-46
-28
-14
-70
-166
52
87
-293
-678
-1016
-168
1702
1262
-915
50
1226
1414
387
-393
-349
-642
-610
-405
-412
-209
-99
-76
-20
11
9
-8
-8
110
209
-145
-82
3
-17
12
15
-78
-81
333
-86
-12
28
54
64
82
90
104
45
13
28
10
16
20
21
22
19
10
-27
30
62
-28
-16
-6
-44
-114
156
270
27
-243
-634
-808
728
1642
1120
640
109
-333
-358
-584
-377
-173
-145
-35
-51
59
93
104
55
98
68
103
74
222
301
-72
-55
-15
-11
18
19
-60
-61
506
-59
-30
51
54
90
82
88
99
37
52
65
47
53
32
9
35
34
28
21
51
82
-12
-4
2
-45
-67
224
392
180
86
-189
-604
-337
1227
-9
-217
-549
-384
-152
-79
41
139
70
89
116
172
152
164
161
229
174
187
207
311
346
