635
522
395
400
359
391
347
418
386
250
205
-38
-45
-86
-130
357
419
162
209
244
283
256
281
345
374
390
388
430
433
284
217
55
-18
-7
30
60
-25
-69
254
330
101
353
257
249
303
216
239
190
589
435
222
525
195
320
294
196
332
218
309
320
177
393
298
47
265
117
83
57
93
60
98
98
103
151
45
-88
-68
-170
31
142
139
126
41
85
54
96
88
142
118
110
94
81
-67
-104
-30
-45
-85
-52
-10
-32
-23
-169
217
155
-106
169
41
11
83
5
15
-89
233
102
112
228
-87
93
88
-63
123
-17
60
91
-44
168
92
-154
113
48
-4
-50
14
-23
87
-2
19
55
-76
-81
-77
-160
277
119
49
22
33
154
-8
12
-17
-21
41
16
-36
-205
-222
-157
-63
-93
-153
-69
56
22
-26
-215
222
36
-126
95
-3
-5
44
16
1
-139
130
28
25
131
-108
-98
-22
-85
79
-62
41
58
-82
32
51
-154
38
29
-27
-9
-71
-18
-44
45
-1
-1
-70
-71
-84
-95
384
231
164
123
106
50
45
13
61
46
97
11
-5
-148
-76
47
83
-149
-55
143
65
67
-60
-224
216
86
-145
76
10
-1
29
-43
20
-139
73
43
53
103
-153
110
17
-111
39
-59
63
40
-77
69
79
-150
-52
-76
-48
-90
-56
-37
-23
98
126
-10
-92
-50
-19
-88
-189
-132
-12
128
176
135
159
64
70
20
33
20
-6
28
57
62
119
45
97
160
178
7
-138
-198
220
63
-145
59
-16
20
58
-38
5
-163
16
68
45
102
-112
-5
-8
-79
84
-103
45
28
-73
63
31
-167
100
39
25
-14
99
57
85
121
-56
-94
-60
-27
-4
-9
-93
-179
-297
-325
-248
-99
67
164
139
157
80
62
23
74
92
88
118
105
82
73
106
-47
-145
-118
202
35
-109
76
-4
29
72
-27
-39
-143
77
82
63
97
-109
7
-13
-84
98
-60
38
-2
-70
27
-5
-236
72
39
-9
10
72
4
59
111
-15
-80
-41
-18
13
-7
-83
-64
212
18
-239
-330
-323
-212
-143
48
71
111
90
73
-8
-16
107
28
-9
-44
-49
-41
-164
-67
185
53
-125
80
-15
33
63
-11
-3
-131
-41
111
23
82
-265
-80
-40
-67
114
-88
6
-15
-77
-20
-118
-346
-5
14
22
20
66
45
88
16
-81
-61
-30
-14
-8
-20
-108
-12
234
147
146
124
-44
-242
-309
-269
-189
-76
-17
9
31
-9
15
11
2
-7
-53
-68
-169
-26
185
35
-134
78
-16
14
50
-88
-35
-90
-79
-13
-64
-169
-391
-68
-113
-82
67
-138
-54
-47
-152
-39
-1
342
-143
-64
57
11
66
55
32
-49
-70
-46
-18
-16
25
-34
-139
37
110
67
37
67
110
187
104
-117
-172
-112
-114
-93
-23
48
20
29
79
-49
-5
-51
-180
19
175
13
-143
77
-15
46
41
-91
-1
-250
-398
-523
816
1099
837
777
-104
-252
-102
-110
-76
-25
21
92
195
412
-256
-86
-10
43
46
-23
25
-35
-50
-37
-13
-2
1
-58
-160
186
89
-72
-96
-16
1
-10
148
107
44
-61
-81
-106
-105
-22
23
61
-9
12
-29
-72
-182
112
159
20
-138
55
-54
62
43
-82
-294
-750
425
1741
-327
-989
-832
-217
-20
-59
116
31
106
142
127
134
159
299
-273
-40
19
14
147
-25
21
-65
-56
-19
5
12
-11
-84
-78
215
53
-4
37
9
44
38
8
67
85
63
-42
-75
-67
-60
-35
50
8
8
-66
-74
-184
161
191
17
-79
65
-64
39
-51
-346
-529
1241
1047
-547
-506
-151
-161
-162
139
154
56
-7
64
52
-11
37
85
260
-225
-51
98
130
9
86
-82
-66
-18
-11
-15
8
-17
-104
-35
88
31
31
39
30
-24
13
-42
63
21
62
53
-9
-2
-57
-28
-29
73
-13
-75
-63
-191
196
105
-14
-131
-1
-101
-143
-341
-214
1286
715
-853
-1026
423
395
141
-63
-58
79
-30
-50
47
28
-28
-34
63
246
-187
19
43
25
-18
-12
-70
-29
-5
-11
3
4
-11
-96
18
48
-19
-35
14
26
-18
16
2
-14
-21
25
57
28
-45
-106
-94
27
43
-50
-54
-58
-209
149
40
-177
-320
-180
-177
2
81
15
-170
-194
81
101
-681
299
203
13
-93
-77
116
99
12
-14
65
30
40
347
-222
-34
-5
-59
-85
-49
-8
-3
-3
-11
-14
5
-41
-122
55
106
85
-31
-26
-12
-1
14
-21
-1
-5
-1
-7
18
20
15
30
79
83
-102
-45
-75
-302
-14
-271
-87
71
187
213
161
133
135
15
-35
96
211
-27
-586
271
130
25
-87
-115
131
35
-9
-20
-13
68
383
-250
-96
-70
-54
-32
-41
-10
-12
-1
8
-14
5
-39
-86
126
36
-1
13
-15
-22
-21
7
19
-15
17
-3
-11
-6
31
20
116
99
131
-147
-57
-220
-541
94
-72
-104
167
155
85
73
51
7
59
13
-12
84
216
-187
-474
289
148
16
-14
-154
58
11
26
-23
76
422
-449
-144
-52
-29
-8
-6
1
-9
18
-10
-9
-12
-85
-16
149
39
-24
-16
-45
-13
-33
47
1
25
-39
-27
14
-7
30
25
89
122
-18
-104
-146
-517
-507
606
1065
-768
-357
5
20
-30
1
-6
20
44
31
15
79
216
-374
-176
186
29
41
-11
-113
44
-6
36
123
447
-494
-129
-13
-23
-24
-14
7
12
-1
-9
-8
-29
-83
-31
127
52
29
36
18
13
-20
7
-21
29
-18
26
-19
15
50
14
110
120
-122
-132
-322
-434
380
858
717
405
-868
-265
7
-31
-78
-25
26
-16
27
8
21
168
188
-526
57
128
81
70
-62
-120
35
17
129
488
-493
-121
-6
6
-3
-16
6
-6
-2
-11
4
3
-59
-35
11
59
5
22
4
-14
-11
20
17
-6
-31
8
-36
21
7
74
118
47
-139
-156
-538
-287
1030
271
168
628
210
-852
-235
58
-21
-67
-7
4
-1
11
-14
-1
161
122
-623
182
163
57
101
-72
-98
1
112
503
-506
-102
2
5
11
17
2
-10
17
-14
0
-4
-72
-7
39
-43
15
58
30
31
-17
13
35
-23
-35
3
-19
-10
-34
66
88
-106
-91
-226
-404
545
645
34
-26
245
738
-63
-771
-153
33
24
13
33
6
-6
-21
-8
65
159
61
-569
187
155
55
121
-173
-25
114
493
-514
-95
-11
11
-6
-3
2
-9
16
-13
-1
-14
-83
21
-6
-35
-68
-44
-8
52
60
42
35
-25
-33
19
-5
23
91
68
19
-66
-73
-216
-323
664
821
132
39
9
243
825
-280
-657
-134
14
-13
9
0
-6
-8
20
-8
42
145
-28
-476
249
147
54
128
-143
61
529
-498
-100
-13
-7
-8
-9
0
11
0
-11
-22
-38
-69
68
19
-35
-40
-46
-32
-48
-47
1
3
0
29
-2
46
98
103
-20
-95
-48
-55
-68
-365
-690
474
625
49
65
8
254
845
-425
-568
-94
-23
-43
4
14
0
-10
-2
0
55
176
-197
-331
214
93
109
124
-65
479
-509
-105
-16
-57
-38
-9
-8
-7
4
-9
-14
-83
5
97
61
14
-13
-57
-21
-39
-15
3
25
-42
56
41
67
83
-5
-96
-32
17
-77
-51
-215
-674
-728
625
497
5
86
35
348
762
-584
-541
-19
1
-32
-21
9
-4
9
-16
-4
69
158
-365
-122
178
50
103
171
275
-502
-129
-38
-44
4
45
15
-11
-11
-10
-33
-90
100
68
53
38
17
34
2
-40
27
44
-34
-55
23
47
53
-10
-75
-29
19
-20
-142
-256
-404
106
-792
-775
764
404
-38
73
36
404
729
-663
-428
-5
15
-30
6
2
36
-5
15
9
108
154
-444
-23
180
82
203
479
-447
-82
-4
105
114
35
-28
-25
-14
-15
-51
-3
108
44
13
34
12
27
13
16
-3
-4
-10
-8
72
43
-40
-33
-39
11
-34
-208
-548
-40
475
479
316
-628
-703
789
299
-53
39
31
493
578
-752
-324
14
39
-14
-10
-21
-3
15
-2
-24
89
123
-493
110
97
186
586
-457
-48
53
103
67
-54
-47
16
-46
-26
-39
-9
-3
-28
14
-6
24
21
9
26
12
5
44
61
71
-24
-69
-32
7
-61
-175
-376
190
-36
107
152
41
80
-759
-554
904
277
-56
75
73
559
468
-826
-284
21
-15
14
-29
-67
7
5
9
-9
106
37
-554
186
182
450
-437
-38
70
10
-76
-42
-12
-33
7
-65
-64
27
-53
-72
-16
-8
-46
16
-6
19
51
29
42
20
-44
-69
-68
-78
-24
-99
-340
-187
924
-479
-496
-136
4
25
47
-784
-370
851
164
25
2
131
650
271
-806
-217
0
21
-2
-15
3
1
21
24
45
195
-18
-486
281
630
-385
-51
18
-56
-31
-14
-10
-119
219
-158
-81
113
62
-20
-27
-6
-5
-15
7
20
48
49
-10
-63
-67
-84
-79
-65
-99
-270
-507
-128
1197
1016
-707
-662
-136
-10
27
25
-885
-75
761
108
63
-24
157
728
52
-689
-157
30
-16
11
-18
6
-9
-23
37
59
143
-153
-237
665
-382
-144
-43
-43
-15
9
-35
-179
499
-231
-97
45
47
5
-15
9
18
22
31
30
57
8
-23
-91
-74
-64
-77
-160
-250
-459
-677
589
369
494
806
-438
-718
-218
-46
45
-26
-989
135
652
55
83
-9
221
762
-229
-622
-133
13
-18
16
-7
26
-1
-37
3
54
165
-251
321
-326
-94
-29
-16
-9
12
-44
-257
632
-102
-120
30
37
18
-20
7
4
-4
-19
12
-9
-24
-64
-61
-72
-159
-292
-430
204
361
-661
842
161
62
302
912
-241
-831
-262
-28
65
-123
-969
392
529
8
89
-52
289
840
-424
-566
-85
-8
2
2
-14
0
-18
-5
25
111
243
-72
-324
-54
-9
-12
12
-3
-78
-253
679
-102
-122
-18
22
11
-2
5
50
66
-16
-26
-73
-44
-24
-77
-342
-225
499
1045
628
-820
156
395
84
-53
37
368
820
172
-925
-331
4
52
-227
-937
549
470
-18
44
19
342
834
-569
-464
-54
9
-2
-18
1
-4
-24
-33
-31
219
597
-354
-128
-18
8
11
-1
-60
-164
479
-231
-68
13
-13
48
16
28
65
36
-28
-69
-60
-46
-77
-267
23
400
-165
-220
-20
-1265
1164
322
60
15
37
-76
165
805
396
-913
-382
-38
61
-330
-873
629
396
-7
33
30
421
753
-645
-369
-49
10
-42
-94
-140
-201
-385
-39
82
-99
-393
-84
4
6
-9
0
-13
-80
105
-145
-38
53
14
-15
1
12
14
-31
-45
-6
30
-5
-133
-255
116
1135
-467
-289
-178
-511
1350
402
82
-17
-10
-25
54
176
725
543
-888
-418
-27
74
-487
-696
695
297
-6
44
23
463
843
-525
-410
-216
-322
-528
-177
120
731
538
-345
729
-467
-113
1
5
12
-20
-1
-20
-21
-79
6
12
24
24
12
-6
13
-31
20
31
15
-37
-298
-340
468
503
533
-401
-553
-933
-389
1060
329
-12
4
-34
6
5
184
554
619
-864
-458
-50
78
-604
-634
765
255
-33
-7
325
1181
146
-582
-111
187
579
434
311
147
-262
323
1412
-492
-141
2
8
-7
-2
4
-15
-49
-45
24
-1
1
12
3
-52
-16
25
1
7
-24
-311
-379
-418
722
187
316
452
-314
-260
-1019
-778
1001
520
121
-176
-35
13
3
73
630
804
-728
-503
-111
53
-642
-516
725
187
195
689
-628
-399
205
262
333
290
329
348
455
158
27
-224
-261
-32
-12
-9
-8
15
2
-10
-31
-33
36
26
20
7
-7
-26
-9
-3
-16
-43
-372
-309
128
-659
581
184
54
342
447
-364
-227
-889
-938
1016
575
85
92
34
33
-148
-6
524
754
-512
-570
-119
47
-749
-333
757
555
-328
-565
10
268
330
436
645
228
-86
-493
-430
-262
-172
-71
-29
5
-11
8
12
2
-11
-37
-20
17
-18
3
7
32
19
17
1
-42
-242
-351
226
1248
-271
-609
383
131
119
296
474
-406
-209
-732
-1046
852
513
172
-53
89
-36
-73
-29
541
865
-382
-681
-188
40
-853
-134
1311
-511
233
650
601
157
-95
-651
-409
-309
-258
-103
-46
65
-79
-16
1
3
6
-6
3
-18
-43
4
16
7
-58
-11
31
39
36
11
-85
-464
-466
982
407
506
-929
-590
468
138
68
338
448
-446
-160
-658
-1082
766
535
40
82
-12
39
62
-120
366
945
-82
-804
-222
-58
-718
452
201
73
-270
-604
-358
-357
-153
-112
-129
-53
-57
2
114
-102
-22
16
1
6
-4
-20
-36
14
-36
26
42
2
-34
-21
12
66
-22
-216
-202
238
622
27
191
604
-967
-511
431
137
83
284
470
-425
-196
-526
-1173
694
625
208
-196
17
21
-79
9
212
779
316
-840
-221
72
-341
-374
-352
-363
-141
-112
-114
-47
-86
-63
-82
-55
-8
179
-127
-32
-2
4
7
-4
9
-64
114
-75
-13
21
41
12
-36
-10
12
-37
-257
-306
1028
549
34
24
270
639
-1080
-372
425
106
51
354
439
-400
-183
-429
-1209
592
698
146
-60
0
43
-35
-99
163
621
575
-709
-442
-264
-58
6
16
3
-51
-81
-113
-105
-100
-117
-154
-93
8
-169
-14
0
-10
-8
-1
-13
-92
158
-97
-8
10
-15
18
-7
-11
1
-3
-86
-470
-338
1019
296
28
44
242
614
-1191
-278
465
151
79
318
484
-463
-157
-334
-1273
413
725
287
-108
-101
38
100
-107
236
400
712
-666
-612
-215
-62
-82
-99
-124
-69
21
-33
-64
-64
-51
-61
59
-310
-36
2
-9
13
1
-40
-130
216
-136
-34
13
-12
-3
8
12
19
27
-19
-152
-630
-350
883
331
-59
37
362
506
-1332
-164
520
99
79
210
504
-462
-145
-242
-1271
208
851
348
-30
47
-178
-29
-6
78
515
813
-449
-570
-256
-127
-87
35
70
115
207
189
163
-25
-25
866
-546
-118
5
-27
13
0
-57
-173
428
-181
-38
48
24
-30
25
40
-17
-34
-27
-46
-249
-640
-121
777
293
-45
24
391
349
-1421
-116
504
99
71
331
478
-472
-163
-139
-1229
-116
896
351
75
6
112
-75
18
46
336
806
-336
-546
-44
210
128
108
116
97
-9
-293
-504
724
1405
-689
-180
5
11
12
-2
-55
-225
653
-229
-47
34
5
-9
26
10
41
-10
-26
-2
-38
-286
-615
17
713
163
-89
32
460
317
-1510
-87
518
105
61
349
477
-433
-164
-44
-1154
-339
872
344
144
-70
-147
29
-74
57
372
810
-191
-568
-108
73
63
-55
-213
-644
-203
912
1057
-174
-635
-79
7
-6
-2
3
-72
-226
667
-242
-73
-36
-34
29
-7
-12
7
-29
6
14
-22
-77
-361
-592
301
597
116
-57
60
634
194
-1501
48
471
73
79
295
470
-422
-201
70
-1131
-512
846
520
133
-79
52
40
-123
-103
379
843
-49
-621
-107
-127
-417
-583
463
655
558
-33
-4
-460
-75
6
-4
-17
7
-54
-202
435
-201
-43
37
27
9
4
17
-2
-62
-11
-2
-14
-16
-75
-418
-590
586
478
105
-5
96
725
17
-1507
89
429
88
101
302
500
-427
-170
106
-1033
-713
754
380
231
7
-8
92
-147
36
193
774
534
-842
-638
19
722
446
318
317
-79
680
-395
-96
6
-4
2
5
-43
-147
305
-159
-44
68
97
76
73
2
-21
-10
37
-9
3
8
4
-29
-448
-492
657
401
66
-15
144
819
-269
-1399
97
462
89
58
338
465
-437
-173
169
-909
-871
679
528
181
-7
36
86
-163
82
756
-56
-284
374
393
196
262
473
179
-613
-357
-257
-25
8
-4
0
5
-44
-151
313
-136
-25
-67
-22
2
61
49
63
56
42
21
37
35
11
-19
-139
-588
-454
673
385
18
-45
268
939
-506
-1327
110
461
67
94
310
536
-419
-196
243
-773
-1018
565
583
212
-140
-107
-41
166
-30
-707
172
194
-23
455
722
-254
-1119
-484
455
-272
-58
-7
-4
-1
0
-48
-57
181
-95
0
-29
-37
-73
-84
-58
-59
-41
-19
-26
-34
-35
-33
-42
-60
-146
-603
-369
702
362
15
-62
313
923
-592
-1317
217
421
119
85
286
563
-434
-215
268
-605
-1137
346
690
299
168
103
212
-391
-91
-13
347
832
135
-1084
-840
-1
456
577
-399
-88
-4
-5
17
-3
-60
11
147
-100
-22
4
-6
3
4
-28
-26
-5
1
-8
21
-1
-5
7
11
-4
-165
-621
-285
753
378
-106
-67
360
945
-791
-1232
263
476
-9
126
271
503
-442
-247
317
-497
-1119
88
758
188
369
241
-512
49
686
595
-848
-908
-206
157
454
841
211
-393
-70
-4
13
-1
-21
-64
36
126
-96
-11
21
41
9
33
-10
36
8
-16
2
15
9
3
12
0
-3
-13
-200
-645
-171
714
386
-134
-38
426
919
-910
-1227
235
472
85
39
294
539
-396
-248
302
-408
-1091
-180
880
682
-180
185
853
-268
-1048
-390
104
66
141
337
-418
42
-241
-54
-7
11
1
-19
-67
47
96
-90
8
-5
32
35
3
18
9
24
11
-5
-8
-12
-1
8
-2
-19
-20
-33
-238
-598
-82
667
436
-181
-42
508
823
-981
-1174
349
494
-71
113
308
555
-422
-210
302
-327
-1102
-417
1194
407
51
-976
-663
-34
100
-183
270
746
-132
449
-159
-194
-20
7
10
3
-19
-71
79
86
-87
-6
-16
5
35
22
-3
4
3
7
-8
-10
4
-6
-16
-4
-20
-27
-10
35
-290
-587
47
570
271
-123
-10
564
785
-1046
-1186
320
417
59
112
245
520
-405
-219
376
-374
-920
-459
-559
-780
-206
106
-146
137
565
638
395
-301
-293
39
-88
-3
-12
14
-11
-17
-72
82
96
-83
13
-9
6
-14
-22
-10
15
6
-12
8
2
-8
1
11
4
-12
-36
-26
67
52
-408
-539
171
496
276
-112
55
639
672
-1096
-1123
257
501
60
54
271
578
-490
-242
169
452
-95
-611
35
-10
132
453
546
653
-14
-327
-401
-210
108
-69
-11
-6
1
-7
-17
-65
98
34
-76
-5
11
35
-18
-21
-4
0
-8
10
-15
-9
-1
8
-1
-11
-8
-7
-28
29
107
-119
-433
-460
288
440
233
-58
3
695
621
-1104
-1087
229
555
54
44
264
625
-322
-30
45
167
-4
126
415
533
653
-155
-534
-277
-25
81
-116
-74
-31
-13
-1
4
-9
-17
-58
61
25
-53
17
34
2
11
27
-31
-2
11
-12
-4
18
3
-7
5
-5
-6
-19
-24
8
28
-34
-109
-465
-448
473
435
137
-149
77
744
477
-1091
-970
69
526
-15
107
503
716
-334
-316
-143
324
517
607
-176
-750
-541
-160
0
155
-69
-137
-89
-62
-8
0
1
-16
17
-54
19
110
-70
-14
-6
5
30
21
1
14
7
-18
-11
7
10
-1
-9
-2
15
-18
-15
15
58
-48
-2
-66
-520
-427
478
464
75
-124
176
818
389
-1119
-923
155
525
162
642
-571
-299
158
457
502
-248
-769
-741
-257
583
476
-85
149
-279
-190
458
-114
-42
-4
-4
16
-5
-27
-37
112
-69
17
13
-4
-15
15
-11
-5
3
-6
-3
-5
-3
5
-5
-18
-3
-16
-8
10
23
-42
-11
-9
-139
-545
-356
542
448
-2
-111
179
788
184
-1014
-933
58
778
320
-496
365
382
-362
-842
-527
-189
475
431
548
221
346
-445
-215
-83
235
-96
-20
8
-8
12
-5
-18
-38
134
-64
7
-7
1
-22
-13
-6
-7
-5
-1
0
-1
0
4
-7
-2
-6
0
-10
13
50
-47
-8
-13
-33
-215
-404
-384
566
449
-41
-88
261
821
-22
-874
-855
259
619
58
-499
-715
-212
200
359
310
659
804
143
-606
-456
-122
45
135
98
-110
-16
-11
11
-6
1
-28
-79
143
-59
-23
21
-7
-13
-40
2
1
-1
0
1
1
1
2
7
-7
-11
-2
-13
14
74
-41
-14
-11
-44
-98
-65
-371
-401
595
433
-109
-117
312
1022
191
-586
-717
-199
-535
-151
197
175
409
836
491
-95
-423
-138
-175
4
55
15
48
91
-99
-32
10
-7
15
2
-25
-71
146
-54
1
4
2
-5
4
-29
-6
-1
0
3
4
3
2
4
7
6
-6
-11
20
44
-35
-8
-5
-34
-68
27
-84
-557
-256
663
424
-125
92
968
167
-505
-237
-29
187
254
693
780
82
-309
-208
-280
-265
-182
28
12
-4
-5
20
83
-95
-29
14
-2
-1
3
-4
-67
130
-46
-11
1
-10
6
-7
0
-7
-12
-2
-15
-12
-12
7
7
-10
6
-23
14
13
37
-28
-7
-5
-12
-74
27
26
-200
-537
-240
617
548
414
-886
-474
92
178
453
820
419
-112
-364
-105
-385
-174
-119
-40
-40
26
-10
-6
-6
40
100
-97
-8
-19
5
-14
6
-21
-65
128
-78
-27
-2
32
17
14
23
0
-13
4
-5
2
5
-12
-9
-9
-12
0
5
8
14
-22
-5
-6
-11
-70
20
57
-37
-218
-584
-155
939
534
-819
22
753
806
82
-353
-165
-295
-260
-95
-127
-48
-25
-16
2
4
5
3
-5
20
98
-97
-24
5
-10
7
8
-23
-74
172
-84
16
2
13
14
25
27
44
13
-6
7
-4
1
6
9
9
7
5
-24
5
29
-18
-4
-4
-10
-67
54
103
12
-30
-237
-521
177
711
615
374
-94
-295
-175
-288
-151
-12
-30
-6
-28
26
25
38
-5
20
0
30
-1
59
138
-52
-20
-9
-7
11
10
-27
-65
313
-66
-12
26
24
47
39
39
50
12
26
35
22
28
15
-1
18
17
15
11
24
46
-10
1
2
-20
-43
115
207
84
95
46
-254
-331
730
-1
-58
-287
-145
30
51
62
101
44
48
66
96
70
83
78
126
83
94
104
151
191
