161
159
156
154
159
171
170
131
94
103
107
107
107
114
123
127
130
131
130
131
133
134
133
133
134
134
133
130
132
132
133
133
133
130
130
129
129
127
122
109
120
150
159
152
154
155
153
153
155
153
178
222
188
106
116
122
122
122
125
123
125
125
126
131
157
157
156
154
162
171
165
126
92
100
106
105
105
113
122
126
128
130
131
131
132
133
133
133
132
131
132
130
131
130
133
131
131
130
129
128
129
128
122
112
110
138
158
158
158
158
156
155
154
152
157
205
218
140
107
120
121
122
123
124
127
132
97
50
156
158
156
158
166
166
160
128
92
100
107
104
103
113
121
126
129
130
131
130
131
132
132
132
132
131
131
130
130
130
135
133
132
129
128
127
128
128
125
117
106
125
154
163
162
162
159
156
153
152
148
172
222
197
112
114
122
122
123
129
136
93
47
46
157
159
159
164
167
160
160
127
90
99
106
104
104
112
121
125
128
129
129
130
130
131
129
131
133
127
124
127
127
127
129
131
131
128
127
127
127
128
125
118
108
122
150
162
161
159
158
157
155
154
150
147
198
226
159
107
121
122
124
134
92
45
45
53
159
160
165
169
164
159
160
126
89
100
105
103
103
112
120
123
126
128
126
128
129
129
130
130
129
126
122
121
120
119
125
130
131
128
128
126
126
127
125
118
110
121
145
156
159
158
157
157
157
156
153
144
161
220
215
124
110
123
131
90
43
51
52
50
161
163
166
158
159
162
160
124
88
99
104
103
103
112
120
122
125
126
126
129
128
129
129
128
128
129
130
136
141
137
128
123
123
127
129
128
126
127
124
117
111
119
141
150
155
156
154
154
155
153
148
144
141
192
230
177
105
121
90
43
49
57
50
46
161
167
156
141
157
164
162
127
87
97
104
103
105
114
121
124
126
127
129
129
127
129
129
131
142
145
155
169
180
177
178
167
141
119
125
129
127
125
121
116
109
118
141
145
149
154
153
152
151
147
143
141
139
154
215
224
149
83
42
47
55
53
48
46
166
167
132
126
161
167
164
127
82
92
100
101
105
112
119
122
124
125
127
128
133
137
127
133
139
144
153
162
171
178
184
192
197
168
125
116
123
123
118
112
105
118
142
146
146
150
152
146
145
145
142
140
141
137
178
237
176
40
45
54
51
49
48
49
172
152
96
118
164
167
162
125
79
89
99
100
102
109
115
118
122
124
125
130
120
122
123
130
131
136
143
156
171
180
185
188
193
202
188
136
103
111
116
110
104
115
145
150
145
142
147
146
143
145
142
142
144
143
155
193
86
37
51
53
50
49
52
43
167
123
80
121
164
168
161
123
77
92
101
100
101
108
115
117
120
121
130
121
110
117
124
128
133
135
138
150
166
180
186
191
193
193
199
205
169
105
105
106
102
115
148
156
149
125
128
148
146
146
142
144
145
150
153
78
36
50
51
48
51
54
51
86
145
93
83
124
163
169
161
122
80
91
100
101
102
109
114
118
121
124
122
110
115
120
120
123
132
135
137
146
164
183
185
183
192
202
209
212
229
169
87
98
97
113
147
156
153
115
84
135
149
145
144
144
145
156
101
37
49
53
48
50
51
63
87
149
109
86
87
122
161
169
161
121
81
93
100
101
102
108
115
118
122
123
111
112
118
116
118
127
136
141
142
145
161
170
177
196
208
206
204
206
212
225
136
77
90
111
147
157
154
119
53
103
148
147
143
144
153
129
48
47
54
49
52
49
58
93
142
150
89
91
88
120
160
168
160
122
81
92
100
100
102
107
116
118
124
117
112
114
116
117
127
134
138
142
138
138
152
174
196
202
200
199
203
204
208
213
217
144
71
107
148
156
156
121
50
64
129
147
140
147
149
67
38
55
51
49
51
50
77
137
151
162
91
92
89
121
159
166
161
123
81
90
99
101
101
108
115
118
135
105
110
113
116
122
134
139
139
138
124
141
177
194
192
191
195
203
205
205
206
206
215
223
112
93
145
155
155
123
55
38
76
142
151
150
98
39
51
55
51
52
48
58
129
146
158
164
91
90
86
118
159
166
162
124
79
87
96
98
102
107
109
127
146
101
111
113
119
129
135
135
132
119
144
181
185
184
184
194
198
199
200
202
203
206
208
221
189
90
142
155
156
124
53
31
99
195
213
197
60
45
56
55
52
53
47
110
149
155
161
159
91
94
91
116
159
168
162
121
75
87
98
100
101
106
106
151
142
98
111
115
124
125
127
128
120
153
176
173
176
180
189
190
191
193
197
200
202
203
205
207
218
138
132
158
156
111
47
123
198
213
217
226
96
41
53
49
49
48
86
150
152
161
159
158
98
99
95
118
159
169
165
125
80
90
101
103
104
109
108
164
132
98
108
117
122
124
126
121
148
164
164
174
180
182
183
178
184
193
196
199
196
190
201
203
206
203
158
151
146
125
160
205
208
206
206
224
103
41
51
47
47
52
136
154
160
158
157
156
100
100
98
122
159
171
169
127
81
92
101
102
101
106
108
170
126
101
105
111
119
121
122
145
151
148
164
174
173
176
172
177
182
183
187
190
183
187
197
196
194
198
188
154
174
197
206
206
203
204
212
218
80
46
48
47
50
103
154
158
160
157
155
154
100
99
98
122
162
175
172
129
80
91
99
99
99
102
110
187
137
108
106
112
119
122
144
144
140
151
159
169
168
168
173
176
174
179
183
180
186
190
186
183
183
177
187
192
202
203
202
200
204
197
213
200
54
48
48
46
78
146
154
162
159
158
156
155
98
97
96
121
162
175
170
129
82
92
100
99
99
101
111
188
152
126
103
108
119
138
140
134
148
148
150
159
166
171
170
171
167
166
173
179
184
180
177
171
173
184
194
199
199
199
199
204
196
167
193
146
41
49
46
54
120
154
160
161
159
158
158
157
97
95
95
124
163
173
170
130
81
92
99
98
99
97
114
187
159
137
107
111
136
133
130
143
140
144
149
157
162
163
158
162
162
165
169
173
171
165
165
174
187
195
197
194
195
201
203
208
176
152
175
92
42
50
46
91
151
154
161
158
159
157
157
157
97
97
100
126
163
174
172
132
79
91
98
98
99
93
118
197
169
151
122
124
130
127
139
136
134
143
147
137
127
126
143
138
153
155
154
137
141
161
178
193
196
191
193
198
203
206
215
191
126
127
171
50
47
51
57
128
154
159
158
157
157
156
156
155
100
99
103
129
165
175
173
132
78
89
99
100
100
94
109
203
179
139
125
116
120
136
132
129
134
139
134
125
104
88
135
110
92
90
62
55
126
182
194
197
195
193
198
203
209
192
152
105
101
173
105
40
49
44
81
149
156
161
159
157
155
154
154
154
104
100
102
129
165
174
172
133
79
89
98
99
100
97
95
193
186
134
130
112
132
130
127
131
137
129
120
100
78
70
97
86
84
62
49
118
173
190
194
190
191
193
203
193
162
106
95
130
178
103
41
49
50
53
118
155
163
162
161
159
157
155
154
153
107
102
101
127
163
173
172
134
79
89
97
99
99
100
91
161
201
157
125
126
127
122
127
129
124
106
79
63
49
77
77
86
67
75
132
181
187
182
182
184
192
192
148
107
117
149
169
187
104
39
54
49
47
74
144
159
167
164
162
159
157
156
155
153
108
103
99
122
164
174
172
136
78
87
97
98
98
102
100
118
198
174
126
125
122
125
128
122
88
78
59
68
57
66
60
75
88
120
181
195
181
178
176
183
192
173
83
99
122
159
173
90
38
51
55
48
50
100
146
166
165
164
163
160
159
158
155
153
108
104
94
116
163
174
174
136
77
86
98
98
99
103
111
97
174
192
127
116
124
128
121
90
68
80
55
75
64
51
54
69
108
158
187
178
175
174
177
190
195
197
122
75
109
151
80
35
53
59
50
46
64
122
148
169
165
163
163
161
160
159
156
154
106
103
94
115
161
174
174
137
78
87
99
100
99
105
114
101
171
173
109
118
123
124
82
61
46
67
69
70
83
39
57
118
145
181
183
166
171
169
188
200
201
208
151
55
79
142
60
45
56
60
47
44
91
138
151
160
164
163
163
163
160
159
158
153
105
102
94
114
161
175
174
138
82
88
102
103
100
111
120
110
145
154
108
127
115
72
56
61
52
53
61
80
77
54
128
175
161
177
179
163
162
178
195
201
207
215
179
69
52
135
69
51
60
58
47
51
119
151
159
151
151
154
155
160
160
157
156
152
104
100
93
114
161
176
175
137
82
92
101
104
103
111
118
115
125
137
126
128
77
60
51
66
59
54
57
63
63
118
161
183
172
176
166
163
172
182
195
201
205
215
200
97
40
121
79
53
62
54
47
73
139
158
164
160
159
154
147
147
147
150
153
153
102
99
94
113
162
177
176
137
82
89
102
103
103
109
117
129
110
103
137
96
62
70
54
65
50
57
67
55
89
159
170
183
181
134
132
152
177
179
188
195
200
212
193
96
34
108
94
58
63
51
48
102
145
161
160
160
164
161
154
149
146
143
143
144
103
103
94
111
161
177
177
139
82
91
103
102
101
104
120
150
110
90
103
73
71
76
56
59
55
50
61
70
151
186
181
168
130
121
107
91
127
167
181
194
191
145
106
85
44
97
105
59
58
50
58
122
150
162
158
157
157
158
155
155
156
151
144
135
100
98
88
106
161
178
177
140
81
88
100
99
94
128
151
155
131
72
67
83
88
60
66
49
71
51
44
127
181
201
156
73
55
60
79
78
123
144
178
202
119
68
64
61
46
90
113
60
52
46
72
139
156
158
154
155
155
156
154
153
154
148
142
135
98
95
81
101
162
179
179
139
83
92
102
100
79
128
181
127
65
62
67
73
100
50
55
59
47
45
81
160
195
180
104
62
74
96
187
108
114
135
188
172
69
105
113
43
44
89
121
65
50
46
97
149
158
155
152
153
153
153
152
149
146
136
132
143
103
97
80
99
161
181
182
142
88
98
113
91
101
141
134
67
81
72
67
87
114
69
43
51
42
50
134
188
175
123
136
129
118
140
172
150
122
130
191
175
127
135
95
58
48
88
128
65
47
56
120
153
157
152
152
154
153
152
146
140
136
146
169
184
100
90
73
92
160
181
184
145
87
97
109
127
136
91
52
68
109
68
64
96
116
77
43
47
42
96
175
178
107
128
153
159
153
150
159
156
134
128
182
202
154
128
108
77
47
81
134
60
44
68
135
155
154
151
151
150
150
147
140
135
164
190
193
190
89
83
66
89
159
181
182
144
86
96
122
131
108
75
67
105
94
46
58
90
91
94
53
41
65
145
188
95
104
134
152
169
177
176
175
157
141
127
172
207
164
141
129
84
52
73
139
56
41
87
146
157
154
151
151
149
146
141
133
165
199
197
190
194
79
75
62
87
159
178
179
144
86
96
116
110
91
81
75
101
72
48
47
57
51
113
81
33
101
188
117
57
118
133
146
162
176
178
170
153
140
127
165
207
163
144
130
76
52
65
142
60
48
110
156
158
154
150
148
146
145
134
149
195
195
195
200
203
77
74
57
84
158
175
176
143
83
107
128
96
101
83
81
114
80
49
43
68
82
129
82
51
147
162
45
69
114
132
143
155
165
170
165
145
131
122
153
209
162
144
124
61
58
59
138
74
53
132
159
157
153
150
147
144
140
136
181
196
195
204
208
204
81
76
52
78
157
176
178
144
86
107
118
87
93
80
85
111
83
51
45
80
106
75
44
113
163
76
41
80
110
130
139
150
154
161
158
133
128
126
143
206
161
142
107
47
63
52
130
87
68
148
158
153
151
151
148
145
135
156
197
195
203
207
207
207
81
76
61
92
159
175
179
146
91
97
105
85
86
82
79
105
111
55
61
53
79
42
83
183
114
36
53
90
112
127
137
147
151
156
157
139
120
108
127
180
154
137
75
45
65
49
118
101
95
156
156
151
151
149
147
143
136
176
198
201
207
208
209
208
79
76
69
114
162
172
179
148
85
92
114
74
80
74
76
104
120
77
90
54
82
129
127
132
50
52
58
99
115
127
135
143
148
155
158
152
139
149
172
180
149
119
51
54
74
51
100
115
122
156
155
151
149
148
146
141
140
186
200
208
207
209
210
210
73
70
66
115
162
172
180
150
83
99
116
83
84
59
70
82
98
118
72
71
145
156
111
68
47
58
56
96
115
128
135
140
141
149
152
150
154
187
201
179
144
85
43
59
77
52
83
128
137
155
153
149
148
146
145
138
144
192
206
209
207
209
211
212
62
65
67
113
164
176
181
148
92
106
108
70
67
62
88
90
82
102
89
159
175
120
80
50
52
61
56
85
106
128
132
140
141
121
122
130
127
139
144
134
126
54
48
62
77
57
71
137
146
155
152
149
148
147
145
135
146
199
211
209
209
211
214
213
56
61
69
118
165
179
181
152
104
105
110
68
55
71
104
96
96
86
127
165
148
111
50
48
51
60
59
75
94
121
126
134
145
131
117
121
138
155
147
140
86
43
49
61
77
65
66
146
151
155
153
152
148
147
146
134
153
209
213
211
212
213
212
211
53
53
69
114
161
179
182
151
85
113
89
79
57
76
121
105
93
114
129
161
144
61
52
52
53
61
61
69
77
106
118
129
139
142
132
128
132
140
150
123
48
48
53
61
79
70
68
150
154
155
154
153
152
147
144
129
155
217
215
215
215
210
207
208
50
49
83
118
156
177
180
148
84
101
82
66
57
66
114
120
109
107
108
153
80
45
55
53
52
55
59
58
64
79
105
126
137
141
145
151
159
158
149
75
42
55
55
65
84
72
68
152
155
157
154
153
152
147
142
125
156
221
215
214
212
211
212
214
47
47
79
120
157
176
180
149
80
87
69
70
59
61
99
85
121
125
123
90
50
52
59
55
53
50
56
58
62
58
64
99
122
136
150
165
170
165
126
49
53
60
53
71
89
77
72
152
150
152
152
152
150
144
139
123
169
223
212
214
213
211
196
156
47
42
63
111
159
175
177
145
112
101
63
68
60
49
118
89
92
120
134
116
74
47
66
56
53
51
51
60
58
67
79
100
116
129
144
156
161
160
146
82
52
51
52
74
91
81
81
148
121
124
132
138
145
143
136
123
189
218
210
212
206
150
72
50
81
54
53
85
151
173
175
160
107
80
50
66
60
68
90
107
106
107
105
112
127
64
61
58
53
51
50
57
55
65
113
130
132
137
143
144
146
169
197
198
157
88
38
69
89
78
87
144
128
122
115
108
110
115
116
115
194
209
210
209
147
58
53
81
137
109
68
65
144
173
176
153
120
68
37
79
77
87
65
96
99
88
117
129
100
91
57
58
55
53
55
56
64
63
108
124
127
138
140
140
152
174
190
197
210
208
130
59
76
70
88
146
145
141
134
124
110
98
109
101
188
213
212
145
64
70
87
88
133
152
106
65
145
177
174
164
133
45
50
65
71
66
64
74
71
77
113
135
107
110
68
56
58
55
58
59
83
67
106
124
133
140
140
145
158
169
179
187
196
208
222
146
54
61
91
147
148
144
142
138
130
121
122
132
206
218
188
79
79
96
102
93
78
159
141
67
145
180
177
162
106
39
55
54
55
77
48
65
78
81
96
126
127
99
96
47
59
51
59
55
100
72
101
131
136
140
141
147
155
163
172
181
191
202
212
225
106
38
92
149
147
144
142
139
134
126
131
169
216
217
144
80
98
107
98
101
47
150
152
62
143
181
180
160
100
45
53
44
68
81
49
59
66
92
89
118
122
89
105
50
64
50
54
58
105
76
103
133
136
139
140
146
152
160
169
179
188
200
209
224
187
38
97
153
147
144
140
136
131
127
174
206
219
200
108
90
110
99
96
104
38
140
154
62
142
181
181
161
89
47
46
46
88
69
54
49
48
75
92
118
131
131
98
56
59
54
50
80
122
83
107
136
138
137
138
144
149
157
165
175
186
198
208
215
221
79
100
153
146
143
139
134
123
147
214
214
219
163
93
100
111
95
103
97
35
132
161
68
139
180
177
160
89
43
46
55
68
64
55
48
56
61
81
130
107
95
84
82
77
55
55
104
127
83
115
136
140
138
136
140
146
154
161
170
184
195
204
211
226
130
107
152
144
140
139
134
122
161
215
215
204
131
100
104
100
98
100
89
35
117
164
77
136
180
180
163
95
42
51
58
55
59
54
53
58
69
84
117
102
85
57
62
66
50
70
118
120
84
128
140
141
139
136
138
144
151
158
166
177
192
202
208
219
178
127
145
146
145
142
136
129
149
189
216
184
114
100
94
91
101
94
95
33
105
165
87
131
178
179
161
105
46
54
50
57
62
57
51
57
79
80
72
80
115
59
48
45
50
91
126
98
94
137
141
143
141
138
138
143
149
155
162
172
186
199
208
214
214
129
94
113
131
139
142
148
135
160
219
162
97
92
84
98
95
97
81
29
97
177
97
126
175
181
159
96
52
45
54
57
60
57
47
51
77
118
83
82
61
48
45
41
68
114
116
72
120
138
140
142
142
139
136
140
146
152
159
168
180
195
206
212
222
135
76
81
79
79
93
139
154
186
211
113
73
84
94
95
95
97
61
68
108
182
114
125
176
182
156
92
48
51
52
52
59
60
48
50
51
91
126
98
48
45
41
51
97
120
73
90
137
138
139
141
143
141
138
138
141
148
155
163
175
190
202
209
221
169
95
103
86
61
34
120
192
205
156
63
69
90
98
83
103
89
59
92
128
178
126
126
176
185
152
89
47
50
51
50
59
67
56
58
64
65
103
85
46
42
43
74
95
74
82
127
135
138
140
141
143
144
141
140
139
145
151
160
168
182
196
206
215
200
100
104
100
86
64
131
207
148
70
61
84
99
77
92
107
82
66
68
111
170
131
126
176
185
155
68
45
54
56
56
64
72
84
62
68
74
107
78
44
43
48
67
78
102
125
129
133
137
138
141
143
147
144
142
141
143
149
157
165
177
190
202
212
214
118
91
105
102
104
125
137
81
73
82
101
79
75
112
103
69
59
52
85
181
160
129
175
187
145
57
47
54
62
59
67
64
99
75
69
71
88
84
41
47
76
104
118
126
128
129
131
136
137
140
142
145
146
146
145
145
149
154
163
173
184
196
207
219
144
82
107
116
119
110
99
105
92
93
80
72
103
118
83
57
55
47
74
192
180
133
174
187
139
53
48
61
67
69
81
67
87
88
76
62
66
84
68
69
100
116
122
126
127
130
132
135
136
138
141
145
145
147
149
149
151
156
162
169
180
193
202
215
176
88
98
117
126
120
128
113
89
85
82
95
127
96
53
56
87
