0
330
260
232
235
215
229
207
234
212
141
116
-7
-4
-27
-37
187
215
105
134
152
167
158
169
201
216
226
224
240
240
165
133
45
5
8
24
36
8
-28
145
180
62
210
148
151
182
135
165
119
328
245
141
305
117
195
177
120
203
131
183
193
110
222
185
-24
131
5
2
-9
10
-9
10
11
15
46
10
-44
-16
-84
14
40
35
32
-6
18
-4
22
15
38
24
18
12
7
-53
-66
-21
-29
-39
-20
-6
-21
-1
-104
100
53
-89
71
-15
-22
17
-30
-3
-90
86
3
5
93
-85
31
24
-65
47
-46
4
23
-59
57
30
-113
71
12
-1
-23
11
-11
41
1
7
25
-35
-34
-15
-90
120
28
12
1
6
71
-8
3
-15
-20
11
-4
-18
-92
-94
-72
-22
-44
-69
-30
24
6
3
-124
122
14
-79
62
-10
-2
29
2
19
-82
78
3
-5
76
-73
-37
-6
-54
57
-42
24
33
-52
20
33
-91
41
13
-7
0
-26
-7
-24
17
-11
0
-31
-26
-17
-46
197
105
81
50
33
10
12
3
31
21
48
3
6
-59
-24
20
46
-68
-26
61
24
27
-12
-123
123
36
-84
55
-5
-4
18
-30
24
-81
51
13
12
66
-87
67
17
-62
39
-43
34
23
-46
38
46
-92
-9
-45
-27
-49
-27
-22
-15
47
56
3
-36
-19
-8
-57
-87
-66
8
74
93
67
70
17
19
-4
8
6
0
12
23
19
59
16
42
66
77
4
-49
-109
121
23
-85
45
-18
6
32
-25
19
-90
17
24
7
63
-74
6
-1
-50
60
-65
27
16
-43
33
28
-92
69
18
22
-3
55
27
35
53
-34
-42
-25
-11
-1
-3
-34
-85
-140
-162
-117
-38
43
85
68
75
33
27
6
30
40
36
57
38
34
30
48
-16
-56
-67
110
13
-67
54
-11
11
36
-23
-1
-73
45
37
16
59
-69
24
1
-52
65
-45
27
3
-40
20
20
-105
47
6
-4
-5
31
-10
19
51
-4
-28
-13
-7
8
1
-32
-22
113
10
-108
-155
-155
-96
-63
30
35
58
39
30
-7
-15
46
2
-8
-25
-21
-11
-74
-39
97
22
-75
55
-18
15
35
-12
15
-66
-18
44
20
85
-111
5
-15
-45
70
-55
14
0
-39
-5
-54
-161
-10
-2
11
3
33
12
39
9
-37
-25
-11
-7
-3
-3
-49
-4
108
59
74
72
-10
-106
-142
-124
-92
-38
-13
2
13
-8
6
0
1
-2
-19
-19
-81
-14
92
15
-78
54
-21
5
27
-50
-3
-45
-1
15
-88
-162
-291
-63
-77
-44
55
-69
-14
-17
-76
-9
-12
175
-76
-13
28
-1
34
15
16
-21
-29
-18
-5
-7
14
-7
-71
20
46
20
11
31
56
96
63
-38
-66
-42
-48
-39
-10
21
10
13
37
-22
1
-9
-90
11
82
6
-80
56
-20
23
24
-48
19
-101
-176
-259
384
597
464
448
-11
-99
-35
-68
-36
-13
2
45
58
206
-147
-18
-4
11
19
-19
15
-15
-18
-14
-5
-2
2
-18
-85
90
30
-39
-48
-15
-12
-20
58
45
24
-19
-28
-41
-43
-9
6
26
-5
6
-13
-16
-97
58
68
8
-79
44
-39
31
21
-41
-109
-328
157
757
-175
-477
-472
-158
-52
-38
68
14
61
72
55
59
41
168
-159
3
8
-2
65
-15
15
-28
-21
-7
3
6
1
-30
-44
107
17
0
22
9
23
21
1
24
29
28
-16
-30
-26
-25
-18
23
3
3
-30
-14
-103
86
81
9
-48
50
-36
34
-15
-156
-245
551
453
-252
-220
-25
-28
-31
71
62
31
-9
24
14
-14
12
12
154
-140
-4
42
57
1
41
-34
-25
-6
-5
-8
3
-3
-49
-22
48
10
11
15
12
-16
7
-23
31
4
26
23
-2
8
-18
-5
-10
35
-8
-32
-8
-111
107
38
3
-55
28
-49
-54
-120
-80
569
275
-393
-422
210
168
64
-22
-23
25
-23
-30
18
8
-16
-18
3
149
-126
26
16
11
-9
-1
-31
-11
-1
-4
2
4
3
-48
10
21
-16
-21
5
12
-10
12
-2
-4
-12
10
21
7
-22
-51
-44
8
22
-29
-21
-7
-119
104
15
-81
-161
-86
-100
1
29
-46
-125
-90
51
66
-304
125
64
1
-33
-26
55
42
8
-5
33
17
-6
200
-150
4
-2
-23
-37
-17
-3
-1
0
-5
-8
3
-14
-63
33
46
39
-13
-10
-4
-4
9
-12
2
-4
-1
-4
7
13
8
16
31
43
-53
-12
-17
-162
45
-101
-46
33
101
104
79
57
59
47
11
29
79
6
-244
120
43
9
-39
-52
56
12
-6
-11
-8
-1
223
-164
-12
-26
-20
-11
-17
-4
-7
0
4
-6
7
-12
-48
63
7
-3
7
-4
-5
-12
5
6
-5
8
1
-3
-4
15
1
50
39
64
-72
-12
-76
-256
68
-23
-51
77
66
28
24
16
-5
23
0
-8
29
84
-63
-200
126
59
5
2
-67
25
0
14
-11
-5
246
-262
-29
-20
-10
-1
-2
3
-5
9
-5
-4
1
-35
-16
71
10
-14
-9
-25
-4
-18
26
-3
13
-21
-11
5
-5
14
3
34
50
-9
-47
-54
-220
-221
241
450
-363
-137
-5
4
-14
2
-4
12
18
14
6
23
94
-155
-67
72
-1
18
0
-45
21
-5
15
14
268
-283
-15
-4
-10
-10
-7
4
4
1
-5
-4
-8
-37
-18
63
18
13
22
10
11
-12
6
-13
16
-10
18
-9
7
21
-1
44
53
-55
-40
-114
-176
184
343
284
176
-355
-86
2
-13
-34
-12
14
-10
11
4
8
67
86
-219
43
43
31
26
-25
-49
15
6
15
290
-290
-10
-2
3
-1
-8
3
-5
1
-6
3
7
-29
-15
8
21
-5
6
-5
-6
-7
12
7
-1
-18
8
-19
13
3
29
51
25
-60
-43
-237
-156
455
71
61
240
91
-346
-79
28
-10
-31
-4
-1
-2
4
-9
-4
58
58
-266
90
59
22
43
-27
-40
1
4
299
-300
0
1
3
5
8
3
-5
10
-8
0
2
-36
2
23
-18
9
30
13
14
-13
3
14
-10
-16
5
-13
-4
-21
18
36
-47
-31
-56
-199
191
272
-19
-14
88
293
-26
-308
-45
14
14
9
16
3
-1
-9
-3
28
60
38
-241
84
55
15
52
-76
-3
4
296
-307
3
-6
5
-4
-2
1
-6
9
-7
1
-2
-42
14
-4
-16
-31
-20
-4
26
29
22
19
-13
-14
10
-5
10
38
28
17
-22
-21
-51
-140
285
368
43
18
3
83
338
-121
-254
-48
3
-6
5
-1
-2
-4
9
-4
14
52
4
-201
112
56
18
54
-60
-13
312
-298
2
-5
-1
-1
-1
1
4
1
-6
-8
-15
-34
33
5
-16
-14
-17
-13
-25
-26
-3
1
-5
15
-2
18
39
42
-10
-38
-19
-26
-26
-167
-295
198
236
8
29
-1
81
350
-180
-211
-31
-10
-19
3
6
0
-5
1
0
19
73
-75
-137
92
30
42
57
-69
294
-299
-1
-6
-23
-16
-6
-7
-5
3
-4
-1
-37
3
42
23
5
-6
-26
-6
-16
-4
2
15
-22
30
15
25
33
-2
-40
-11
12
-37
-4
-76
-237
-293
264
183
-6
39
11
121
313
-247
-206
0
0
-13
-10
4
-4
4
-10
-3
22
67
-152
-40
68
13
35
32
193
-296
-20
-20
-22
-1
17
6
-2
-3
-4
-10
-45
45
24
21
16
8
17
4
-17
13
20
-13
-29
11
13
18
-3
-30
-11
10
1
-51
-107
-217
36
-349
-332
314
144
-19
33
12
146
311
-278
-153
0
6
-13
4
1
19
-4
10
5
43
70
-183
-1
71
31
48
283
-266
10
-1
47
49
16
-11
-9
-3
-4
-19
-2
52
16
6
14
1
11
4
6
-2
-3
-4
-9
32
16
-18
-10
-15
5
-19
-91
-202
-9
214
232
163
-221
-287
329
98
-27
13
4
180
241
-312
-110
8
19
-7
-3
-8
-3
8
-3
-12
29
64
-206
59
31
41
330
-275
22
19
42
28
-23
-19
5
-10
-12
-20
-3
2
-15
8
-2
10
11
2
10
6
3
20
23
34
-8
-25
-10
6
-26
-70
-183
152
-14
35
53
-8
41
-296
-228
378
100
-26
36
22
210
199
-344
-99
11
-10
8
-13
-32
4
0
4
-9
34
23
-239
86
24
264
-275
17
25
2
-33
-18
-2
-29
28
-40
-33
13
-26
-35
-8
-4
-23
8
-5
7
22
10
17
5
-17
-27
-25
-32
-3
-28
-132
-121
407
-276
-203
-45
3
4
32
-308
-158
349
43
13
-2
44
253
117
-332
-71
-4
11
0
-5
5
1
12
12
19
82
5
-202
87
348
-241
17
11
-22
-9
-6
7
-87
141
-94
-29
58
29
-6
-9
-1
-3
-7
0
5
18
17
-5
-27
-24
-34
-32
-28
-17
-74
-227
-53
529
414
-306
-246
-44
-3
4
31
-355
-23
306
31
28
-14
51
289
24
-269
-50
15
-8
4
-8
1
-5
-13
14
21
56
-52
-139
358
-247
-29
-17
-19
-6
3
6
-132
282
-148
-34
21
15
0
-6
7
10
14
15
13
25
3
-6
-37
-29
-18
-6
-52
-101
-199
-352
278
122
168
328
-180
-281
-70
-21
12
10
-409
61
255
9
39
-5
73
306
-102
-242
-45
7
-9
9
-3
13
0
-17
2
14
71
-142
221
-202
-11
-9
-6
-3
5
8
-177
348
-103
-36
23
15
8
-11
2
-2
-5
-14
4
-5
-9
-26
-24
-23
-72
-164
-244
91
158
-297
424
38
33
92
378
-114
-330
-89
-11
25
-27
-400
175
198
-9
41
-27
102
346
-182
-216
-26
-6
0
1
-7
0
-8
-1
6
42
71
8
-196
-3
-1
-5
5
-2
-7
-173
368
-103
-36
-1
7
3
-4
1
21
30
-8
-6
-28
-14
-8
-38
-143
-39
252
489
369
-421
97
159
6
-27
14
141
331
84
-382
-114
5
17
-69
-389
238
176
-13
18
6
118
349
-245
-165
-18
1
-1
-9
-1
7
11
14
12
76
343
-184
-20
-7
3
5
0
-6
-121
269
-148
-16
9
-7
24
7
12
29
15
-13
-28
-26
-20
-27
-121
-3
189
-135
-167
36
-706
550
97
30
4
18
-39
41
317
171
-382
-132
-17
24
-111
-368
269
142
-7
15
8
151
314
-268
-148
-16
25
9
-14
-54
-113
-217
-62
-35
6
-248
-14
3
2
-4
0
2
-65
86
-90
-8
24
3
-8
-3
-1
5
-15
-20
-1
16
6
-35
-115
29
508
-234
-68
56
-274
664
113
37
-10
6
-14
29
57
283
231
-364
-142
-8
36
-181
-286
294
100
-5
19
4
162
342
-264
-161
-100
-172
-272
-93
53
352
273
-208
397
-291
-5
1
2
6
-9
2
-19
16
-47
8
5
10
12
8
-3
11
-12
10
13
5
-3
-83
-191
214
192
199
-185
-210
-463
-133
439
101
-12
8
-21
11
-1
70
191
259
-371
-167
-16
37
-231
-264
322
85
-15
-1
132
520
71
-213
-12
102
289
200
99
21
-139
98
717
-264
-4
2
4
-3
-1
2
-9
-12
-26
13
-4
-2
2
2
-24
-4
11
-1
3
-8
-125
-85
-249
338
54
114
200
-118
-89
-395
-327
423
182
52
-94
-12
-6
12
22
248
347
-308
-179
-45
31
-248
-216
302
54
89
286
-290
-184
87
104
106
68
107
156
255
101
-9
-69
-175
-2
-5
-4
-4
6
1
-3
-9
-16
21
11
9
2
-2
-13
-3
-2
-10
-20
-175
-153
97
-362
283
48
19
126
179
-161
-59
-337
-395
432
219
30
54
7
25
-76
-11
190
304
-217
-213
-39
33
-294
-132
274
236
-178
-242
-15
68
122
205
321
122
-35
-239
-224
-129
-38
-52
-9
4
-5
4
5
1
-4
-14
-12
9
-9
2
3
15
6
9
1
-9
-79
-138
106
562
-142
-211
171
39
50
102
202
-179
-60
-270
-444
366
166
75
-35
54
-28
-24
-13
200
360
-171
-269
-66
35
-340
-95
630
-259
155
318
305
82
-50
-324
-205
-141
-96
-20
-7
53
-48
-1
1
0
3
-3
3
-9
-13
-2
7
3
-26
-4
13
14
16
5
-32
-195
-230
437
116
196
-391
-229
196
46
22
125
188
-195
-41
-239
-448
325
195
-4
51
-13
25
35
-60
135
389
-38
-328
-77
-7
-339
261
38
35
-147
-308
-181
-157
-39
-16
-34
-15
-23
-9
66
-64
-1
8
-1
3
-3
-6
-24
18
-24
15
19
0
-14
-9
3
30
2
-67
-106
54
277
-20
66
267
-401
-194
177
42
35
98
200
-185
-64
-182
-492
310
220
89
-102
10
6
-40
9
68
312
143
-352
-65
27
-119
-213
-171
-154
-36
-21
-32
-10
-31
-20
-29
-14
-5
110
-78
-2
-1
1
5
-2
12
-43
73
-49
0
9
16
7
-15
-5
5
-7
-70
-142
434
243
-2
14
88
285
-445
-130
167
33
15
131
183
-172
-59
-141
-504
259
273
42
-17
7
16
-10
-49
44
241
239
-298
-165
-78
12
37
28
15
-12
-33
-45
-44
-42
-49
-70
-54
48
-111
7
0
-6
-3
-2
3
-65
106
-67
6
6
-9
7
-4
-4
1
-1
-30
-210
-165
443
92
12
19
71
277
-495
-89
186
52
31
116
206
-197
-52
-104
-534
193
268
104
-52
-49
25
53
-43
99
124
304
-287
-241
-88
-30
-40
-41
-56
-36
4
-24
-39
-39
-35
-45
92
-202
7
2
-4
8
0
-5
-95
145
-99
-5
6
-7
-2
3
6
11
15
-6
-56
-250
-152
358
116
-27
14
126
235
-554
-37
206
26
32
61
215
-200
-46
-65
-524
103
340
134
-21
23
-92
-18
-6
26
200
348
-185
-214
-101
-61
-43
12
30
52
98
90
100
20
-43
427
-336
0
3
-15
6
-1
-6
-128
255
-132
2
22
10
-13
11
14
-10
-18
-14
-18
-91
-247
-55
312
111
-21
9
139
163
-588
-20
197
36
26
121
201
-204
-59
-27
-508
-40
361
120
41
9
65
-32
15
13
106
329
-140
-198
8
102
59
48
47
43
4
-125
-253
254
676
-367
-6
4
4
7
0
2
-163
364
-165
6
18
3
-4
13
4
22
-4
-9
2
-12
-104
-239
-4
281
53
-40
12
164
158
-628
-13
202
31
22
131
202
-182
-58
12
-466
-134
355
108
48
-38
-75
19
-34
32
132
335
-93
-233
-34
17
22
-17
-80
-279
-100
379
423
-25
-345
3
3
-4
-1
2
-6
-164
373
-174
-9
-17
-18
11
-4
-8
4
-15
6
7
-10
-28
-131
-235
124
232
36
-22
15
246
107
-617
47
182
18
31
101
194
-177
-83
59
-458
-198
351
201
59
-35
30
12
-51
-52
141
342
-21
-270
-48
-40
-173
-265
208
253
213
-86
44
-260
2
3
-2
-8
4
-5
-147
264
-146
2
15
7
-1
0
6
3
-30
-4
-3
-6
-6
-28
-157
-247
248
174
39
0
27
282
31
-618
63
160
29
42
105
215
-183
-61
65
-414
-295
318
120
91
3
-6
46
-70
18
52
323
226
-366
-250
4
322
180
91
151
-40
411
-204
0
3
-2
1
4
-4
-108
196
-115
0
33
47
34
32
-4
-11
-10
17
-7
0
3
2
1
-166
-198
275
142
24
-4
40
327
-98
-564
62
176
31
16
126
189
-185
-67
88
-357
-349
289
192
66
0
22
50
-58
31
336
-36
-89
219
171
47
67
196
121
-288
-108
-191
1
4
-2
0
3
-9
-99
187
-99
2
-35
-10
-1
33
28
37
30
26
13
22
19
6
-7
-52
-227
-190
275
138
5
-16
92
385
-201
-527
56
181
14
42
106
228
-177
-78
117
-300
-418
248
214
70
-79
-60
-35
57
-14
-333
60
48
-66
189
335
-86
-477
-237
253
-175
4
-3
-2
-1
2
-17
-47
114
-72
13
-13
-14
-37
-42
-35
-34
-26
-14
-19
-20
-21
-19
-19
-27
-50
-232
-155
286
129
5
-26
110
376
-226
-527
110
153
46
30
102
237
-184
-81
122
-227
-467
157
277
120
81
38
109
-158
-18
-25
140
369
79
-478
-364
-1
159
283
-220
-2
-2
-2
8
3
-27
-8
90
-67
0
-1
0
4
8
-9
-7
1
4
-2
13
2
1
7
7
1
-56
-239
-120
307
138
-50
-23
118
393
-319
-482
121
187
-19
56
85
211
-188
-100
141
-183
-452
41
296
31
165
113
-251
12
287
276
-384
-386
-52
116
200
369
135
-198
0
-2
6
-1
-5
-33
10
73
-60
6
7
19
2
16
-6
17
3
-7
0
7
4
1
5
-1
-1
-4
-69
-253
-72
286
145
-59
-16
151
383
-367
-484
107
176
33
10
109
226
-168
-100
130
-150
-430
-64
340
295
-106
78
407
-114
-454
-138
80
21
23
79
-237
25
-140
-3
-5
5
0
-3
-37
19
55
-56
14
-5
14
13
0
6
4
11
5
-2
-3
-6
-1
4
0
-8
-9
-14
-84
-232
-38
264
177
-82
-14
183
343
-389
-458
154
199
-50
53
106
234
-179
-77
122
-116
-444
-176
594
161
38
-438
-270
10
51
-104
72
335
-72
253
-36
-91
2
2
6
1
-2
-40
37
46
-54
6
-10
4
15
10
-2
2
0
2
-4
-4
2
-3
-8
-2
-8
-9
-7
19
-104
-237
16
222
98
-52
-6
206
326
-420
-468
149
151
18
47
79
215
-168
-86
169
-176
-436
-221
-335
-346
-62
67
-81
32
228
259
203
-140
-126
24
-54
9
-7
8
-6
-1
-42
40
49
-48
16
-7
3
-8
-10
-6
7
3
-5
4
2
-3
1
6
3
-4
-14
-14
27
32
-162
-210
74
185
112
-49
21
236
282
-437
-435
109
197
12
22
89
246
-214
-82
68
223
46
-233
57
-16
29
187
230
295
-19
-130
-193
-88
62
-44
2
-4
2
-4
0
-39
48
20
-45
3
1
16
-8
-7
-3
1
-4
4
-8
-4
-1
3
-1
-5
-2
-1
-13
11
53
-52
-160
-179
114
162
88
-19
-8
266
263
-436
-425
103
223
16
18
90
280
-165
-27
14
101
1
41
172
227
305
-62
-225
-132
6
39
-50
0
-22
-3
-1
3
-5
-2
-35
28
18
-33
15
15
1
3
13
-16
0
5
-5
-1
9
1
-3
3
-3
-2
-9
-13
0
17
-24
-38
-175
-183
200
158
55
-66
20
283
197
-435
-374
23
209
-28
38
230
299
-125
-115
-96
110
222
288
-75
-345
-254
-76
-9
70
-42
-73
-19
-48
-1
0
1
-8
12
-27
7
61
-45
-1
-5
2
12
11
0
8
4
-8
-5
3
4
0
-3
-1
9
-7
-6
6
35
-26
3
-15
-204
-176
198
176
27
-48
67
320
168
-439
-351
76
208
27
306
-319
-138
77
224
250
-114
-361
-330
-112
268
187
-49
85
-103
-85
237
-71
-4
-2
-2
7
-1
-12
-27
65
-47
16
6
-1
-8
7
-7
-2
2
-3
-1
-2
-2
2
-2
-9
-1
-8
-5
1
16
-26
-3
-3
-48
-215
-139
221
165
-8
-46
54
306
76
-396
-358
12
298
167
-234
206
177
-184
-404
-229
-80
218
149
249
88
191
-181
-83
-65
119
-72
3
5
-4
6
-1
-3
-29
81
-46
10
-5
1
-9
-4
-3
-3
-2
-1
0
0
0
2
-3
0
-1
1
-5
3
29
-28
1
-4
-8
-91
-143
-163
226
172
-17
-30
94
325
-14
-362
-368
126
318
-2
-220
-324
-80
98
170
120
287
340
77
-291
-204
-63
21
50
69
-67
1
-5
4
-3
0
-7
-52
84
-45
-4
9
-4
-5
-17
2
1
0
0
0
0
0
1
3
-4
-5
-1
-6
3
39
-25
-2
-4
-13
-49
-10
-131
-176
242
159
-53
-46
114
418
68
-225
-300
-93
-285
-66
86
66
164
368
208
-48
-205
-48
-67
37
29
3
11
56
-58
-6
5
-4
7
1
-4
-48
88
-42
7
2
2
-1
3
-12
-2
-1
1
2
3
2
1
2
3
4
-2
-5
5
24
-22
0
-1
-9
-37
16
-20
-223
-100
270
161
-52
55
416
69
-194
-58
11
73
105
310
351
37
-159
-107
-125
-96
-66
4
-4
-5
-6
2
50
-57
-5
7
-1
0
2
5
-47
82
-38
2
0
-6
1
-5
0
-2
-6
-1
-8
-6
-6
3
4
-5
4
-11
6
3
22
-17
0
-2
0
-40
16
18
-81
-206
-102
241
188
189
-421
-221
-7
55
206
370
184
-59
-191
-47
-169
-46
-45
-9
-13
14
-7
-1
-4
12
60
-57
5
-9
2
-7
3
-4
-48
83
-55
-5
-2
15
8
6
9
0
-7
3
-1
2
3
-6
-5
-5
-5
0
2
2
10
-14
0
-3
0
-38
12
29
-21
-75
-225
-82
362
252
-382
52
331
362
33
-179
-90
-131
-103
-20
-59
-6
-11
-6
-2
6
1
3
-4
1
56
-60
-3
3
-4
3
4
-3
-55
95
-60
16
-2
3
2
7
8
18
3
-4
1
-5
-1
2
4
4
2
1
-13
-1
14
-12
0
-2
1
-37
19
38
-10
-15
-88
-225
67
337
225
179
-65
-165
-94
-130
-53
-2
-17
7
-22
11
3
12
-13
3
-12
6
-12
10
67
-47
1
-3
-3
5
5
-2
-40
165
-41
7
14
15
26
22
21
27
8
16
20
13
16
9
1
10
9
10
8
13
25
-5
3
2
-2
-16
62
108
48
59
39
-82
-128
363
-59
-12
-108
-25
46
42
52
63
30
38
39
57
42
52
47
74
51
60
61
75
104
