419
500
488
476
459
465
464
468
432
337
201
12
-62
-93
55
307
346
261
270
302
310
321
357
415
464
492
499
480
428
332
265
108
4
11
45
45
-22
-33
292
326
174
369
316
300
339
293
298
286
562
499
410
531
291
359
348
274
369
292
355
368
272
412
364
204
410
350
241
214
226
222
252
269
254
219
83
-58
-110
-155
110
256
252
202
179
224
192
208
222
267
283
265
205
112
13
-7
4
-94
-126
-46
5
-7
-80
-139
285
241
13
232
163
133
178
119
102
47
357
299
272
351
77
173
167
65
197
101
183
196
81
258
203
-4
191
131
0
-39
-7
-12
45
62
65
28
-81
-129
-104
-116
192
243
197
107
83
128
53
27
9
22
44
-15
-103
-233
-272
-220
-137
-208
-200
-56
41
2
-134
-237
255
119
-148
86
25
6
58
-4
-51
-157
148
97
67
139
-151
-65
-35
-122
51
-59
50
47
-93
88
25
-231
32
40
-54
-71
-69
-47
-15
59
19
-14
-106
-112
-71
-41
298
305
274
215
174
149
113
72
77
74
92
22
-36
-128
-112
-34
42
-71
-49
107
139
52
-151
-220
272
118
-159
78
21
6
56
-24
-57
-179
95
97
97
140
-144
14
-9
-103
50
-63
53
49
-75
98
32
-240
-32
-34
-98
-112
-58
-41
33
119
70
-26
-100
-98
-125
-176
-101
-76
13
91
133
172
189
148
130
108
105
78
46
25
51
125
206
114
130
212
213
40
-191
-207
273
97
-166
61
11
23
65
-28
-66
-202
34
109
115
133
-147
-24
-20
-97
68
-81
37
29
-78
79
32
-202
49
61
24
15
88
80
114
140
-5
-93
-108
-73
-73
-137
-210
-274
-271
-314
-295
-160
-5
93
139
185
165
148
109
103
115
163
217
136
122
150
121
-37
-230
-157
278
91
-152
71
28
49
83
-31
-61
-180
32
143
156
115
-162
-6
-33
-96
82
-72
25
1
-109
-3
-33
-195
-33
11
31
31
96
75
107
111
-17
-95
-82
-43
-3
-54
-131
-61
78
-90
-279
-358
-356
-278
-190
-52
30
108
93
79
54
56
108
47
15
-14
-22
-117
-278
-94
277
81
-155
72
16
58
84
-34
-56
-161
-69
14
84
18
-310
-118
-168
-160
63
-92
-23
-49
-150
-99
-105
-204
-150
-71
26
47
107
73
95
44
-82
-105
-66
-29
-5
-57
-119
80
280
176
86
17
-112
-249
-317
-316
-259
-151
-80
-38
-12
6
48
34
1
-30
-55
-145
-279
-30
270
54
-161
59
-1
39
53
-81
-131
-313
-112
132
8
-104
-257
0
-123
-174
-6
-158
-106
-95
-150
-6
79
183
-134
-51
33
50
109
49
47
-25
-102
-95
-45
-17
0
-90
-163
88
211
113
71
112
120
98
23
-95
-169
-169
-168
-134
-80
-9
51
68
57
-18
-40
-138
-261
39
265
27
-167
53
-7
54
38
-205
-305
-292
-24
118
583
780
676
659
165
-87
-80
-163
-69
8
30
155
288
373
-177
-103
14
48
69
25
11
-58
-86
-64
-29
-5
-17
-106
-144
146
132
-12
-48
-2
37
68
121
84
29
-38
-104
-148
-121
-59
-1
62
47
-7
-66
-144
-247
132
271
26
-161
44
-17
40
-96
-364
-153
102
314
504
4
-339
-613
-308
-175
-79
84
41
149
189
157
184
306
407
-247
-129
58
73
114
31
0
-76
-71
-46
-15
4
-21
-117
-79
203
137
28
23
29
38
64
78
87
68
53
-21
-85
-100
-82
-41
49
44
-30
-89
-154
-237
204
296
29
-130
30
-56
-22
-171
-176
147
737
543
-72
-322
-319
-306
-162
-46
27
112
64
88
85
49
62
220
368
-254
-102
104
131
77
49
-46
-68
-59
-35
-16
3
-44
-153
-55
162
98
13
27
40
6
21
11
64
52
67
42
-13
-42
-83
-39
29
53
-56
-98
-162
-248
219
187
-71
-213
-96
-178
-152
-89
-8
529
416
-46
-341
-194
-8
190
98
39
25
9
16
36
18
-7
-8
185
370
-246
-103
61
43
4
-22
-65
-61
-33
-19
-7
3
-55
-150
3
114
29
-30
-3
6
-6
14
-8
4
13
37
30
-5
-53
-100
-64
41
50
-92
-113
-209
-323
168
52
-265
-346
-189
-155
-29
-62
-152
13
195
-84
-271
-296
76
50
98
25
-8
36
54
79
39
33
26
217
441
-289
-168
-13
-48
-81
-58
-57
-39
-9
-14
-16
-10
-85
-128
82
135
65
-9
-13
-15
-21
12
-10
0
-13
5
14
14
13
5
63
128
87
-115
-157
-360
-517
118
73
-275
-113
189
236
222
106
48
234
178
-16
-78
-23
-176
-12
25
76
-16
-28
45
27
26
1
-3
227
465
-365
-236
-61
-75
-70
-56
-34
-21
-4
-6
-9
-10
-84
-92
130
105
28
-10
-24
-24
-27
11
11
-1
-6
-3
5
16
46
47
155
183
86
-176
-301
-548
-545
221
231
-163
-160
133
197
146
105
82
93
63
108
96
-47
-93
-180
7
83
41
10
-31
-10
-28
22
-3
228
478
-505
-312
-78
-57
-42
-27
-3
-5
5
-12
-14
-20
-97
-49
148
103
12
-17
-40
-27
-28
32
10
9
-24
-11
-5
12
45
64
152
157
-20
-252
-484
-585
-90
570
653
-170
-324
-305
-57
6
-12
-2
48
43
53
113
67
-28
-161
-99
-18
54
55
12
-39
-22
-15
30
285
532
-553
-322
-55
-39
-29
-20
-2
1
3
-15
-18
-38
-110
-36
150
93
43
44
17
2
-20
21
11
7
-21
13
-1
24
52
84
161
103
-111
-327
-526
-273
518
1000
807
300
-339
-394
-343
-101
-60
-51
9
11
24
50
115
64
-27
-180
-34
-21
132
69
-8
-50
-41
3
322
578
-576
-307
-19
-8
-9
-10
0
-6
4
-14
-4
-29
-112
-26
83
57
13
33
14
4
-8
24
21
-10
-40
-3
-22
17
44
98
137
45
-168
-375
-582
-94
846
783
717
358
38
-353
-404
-281
-86
-42
-10
4
6
1
28
104
10
-51
-213
-8
39
162
81
-26
-63
-42
292
592
-594
-299
-2
8
7
8
9
2
9
-13
-8
-40
-104
-13
55
-2
0
33
36
34
12
36
29
-21
-38
-14
-31
8
29
55
75
-43
-136
-236
-457
212
942
617
366
421
304
-41
-339
-375
-239
-26
27
26
15
-1
-11
56
119
-25
-56
-191
0
80
149
68
-56
-28
249
584
-602
-299
-8
0
-3
2
3
-3
9
-15
-21
-60
-98
9
7
-46
-72
-41
-4
27
40
60
45
-22
-18
13
20
68
82
61
44
-53
-118
-171
-312
317
932
647
307
349
412
304
-98
-305
-398
-222
-26
11
-1
0
-9
14
73
83
-54
-54
-163
29
132
145
67
-21
269
550
-599
-294
-19
-23
-14
-2
-7
-6
-1
-18
-44
-78
-58
55
30
-42
-69
-68
-60
-60
-38
11
10
-19
29
54
83
104
73
9
-31
-82
-149
-355
-529
-207
328
432
406
296
355
377
300
-136
-315
-409
-204
-38
-10
-11
-7
-3
18
58
57
-43
-116
-130
31
128
139
83
243
526
-638
-325
-56
-51
-31
-22
-24
-16
-2
-23
-49
-76
18
106
78
20
-24
-48
-42
-52
-19
8
7
-25
61
74
74
69
15
-46
-48
-84
-220
-365
-596
-511
-337
87
305
377
281
378
371
258
-187
-345
-379
-157
-23
-17
-8
-3
4
4
68
36
-64
-159
-71
7
141
113
311
482
-632
-353
-48
-16
19
12
-4
0
-7
-29
-50
-55
79
114
98
57
31
23
8
-11
10
23
-14
-29
45
39
21
11
-30
-65
-105
-179
-242
-293
-456
-418
-523
-327
123
297
364
259
373
355
250
-214
-312
-347
-110
-2
5
8
19
-5
45
93
16
-56
-153
-45
33
181
421
597
-525
-233
58
104
98
47
-6
-14
-7
-37
-58
-7
90
82
65
50
27
39
21
13
19
20
8
4
59
29
-23
-25
-50
-111
-300
-292
-84
-51
175
259
-58
-261
-216
176
301
333
228
373
336
187
-235
-314
-319
-69
1
3
-15
-25
2
31
57
-39
-49
-176
-23
30
463
680
-482
-181
91
100
65
-3
-55
-39
17
-75
-111
-17
25
-18
0
6
14
28
20
25
47
54
48
40
54
-7
-56
-58
-59
-199
-415
-330
325
84
-71
141
-60
-314
-364
-192
241
356
321
270
401
323
151
-287
-354
-302
-83
-1
-33
-52
-10
-2
33
47
-47
-66
-214
-36
294
683
-471
-222
50
25
-24
-47
-99
-76
109
-122
-156
3
-11
-66
-54
-27
-29
3
4
35
65
54
31
-11
-37
-83
-113
-101
-93
-293
-468
-102
611
-25
-291
-356
-194
-263
-384
-353
-123
255
330
330
269
408
327
91
-304
-354
-274
-39
-8
-22
6
13
24
65
97
3
-60
-175
272
659
-398
-220
13
-28
-38
-38
-98
-112
281
-132
-151
72
62
-10
-23
-12
-5
3
12
39
60
34
-22
-80
-101
-125
-168
-204
-164
-441
-643
279
1069
576
-210
-354
-429
-282
-305
-344
-341
-50
238
357
300
276
414
318
32
-263
-354
-212
-42
-9
-4
6
4
3
72
78
-38
-93
120
534
-460
-249
-43
-55
-38
-6
-97
-129
499
-128
-170
51
68
9
-6
14
28
38
30
38
47
3
-46
-123
-184
-213
-219
-212
-290
-678
-685
541
977
626
279
-156
-366
-429
-355
-352
-336
-376
-12
237
342
285
305
386
303
-58
-289
-380
-203
-42
6
1
4
-12
-5
65
25
-54
62
422
-500
-284
-41
-34
-14
4
-112
-128
644
-71
-159
57
56
18
-16
6
25
17
-15
-11
-19
-35
-107
-210
-201
-160
-181
-26
45
-371
-216
788
587
563
345
320
-94
-344
-415
-391
-380
-335
-349
74
231
331
261
306
383
314
-115
-297
-374
-187
-28
2
-11
-15
-3
30
75
70
230
274
-433
-276
-19
-11
-1
-2
-116
-122
642
-68
-150
25
37
16
4
29
63
45
-26
-43
-62
-75
-180
-322
-133
314
369
608
433
-583
246
666
297
157
379
436
344
87
-334
-382
-416
-444
-325
-315
102
247
331
231
362
386
311
-154
-257
-364
-161
-2
-15
-66
-68
-69
25
89
195
477
-393
-226
-23
-3
4
-1
-105
-124
460
-133
-149
8
27
39
22
43
69
25
-37
-61
-66
-94
-218
-331
76
450
44
-118
-115
-953
570
813
370
30
114
302
391
381
159
-323
-356
-472
-472
-326
-307
131
245
318
246
387
360
329
-98
-382
-419
-161
-149
-198
-248
-221
-182
-186
35
266
-578
-352
-14
2
2
-2
-95
-106
211
-143
-118
25
26
21
6
-2
21
-5
-36
-18
-8
-53
-230
-244
294
743
-28
-50
-297
-720
738
788
537
151
34
30
307
485
392
161
-294
-331
-494
-489
-359
-249
149
242
311
238
481
615
378
-364
-406
-373
-342
-325
-72
181
457
368
249
697
-450
-219
-3
7
5
-6
-57
-63
65
-122
-54
30
26
27
11
-9
19
1
4
-4
-84
-100
-252
-413
570
763
277
-200
-588
-1038
-70
477
327
437
157
-66
48
294
475
278
179
-276
-316
-512
-539
-384
-233
157
239
363
539
736
582
-13
-147
76
247
518
527
489
448
300
486
940
-183
-77
0
4
-2
-1
-22
-35
-19
-78
-8
21
12
4
-5
-28
-3
2
-27
-137
-304
-264
-169
-539
425
721
385
205
-347
-763
-684
-357
219
368
483
79
3
40
265
397
354
283
-189
-264
-557
-572
-392
-206
143
401
606
339
-101
-194
19
354
570
584
593
518
460
84
64
217
-372
-247
-11
-5
-3
4
-3
-20
-39
-43
30
31
13
11
2
-20
-6
-11
-100
-321
-467
-110
109
-431
200
349
496
344
162
-368
-625
-691
-433
268
398
478
268
66
73
92
349
356
254
-114
-255
-560
-596
-409
-168
276
631
53
-211
2
215
490
569
552
242
-38
-366
-544
-310
-53
-358
-203
-1
-5
5
9
-3
-24
-42
-42
17
11
0
9
29
21
34
-20
-176
-390
-192
474
697
-57
-44
20
174
479
301
207
-346
-652
-672
-452
197
257
499
235
106
-75
139
405
380
345
-66
-287
-577
-638
-454
52
848
146
202
375
484
177
-92
-413
-453
-481
-433
-323
-129
16
-168
-77
2
1
5
2
-17
-37
-19
-35
1
14
-22
-7
16
42
60
-28
-293
-478
-120
875
595
127
-339
-294
-126
208
452
297
191
-323
-632
-661
-489
110
252
432
304
-9
1
182
344
417
364
16
-286
-559
-646
-278
444
-129
-224
-251
-444
-470
-492
-372
-297
-247
-216
-143
24
132
-122
-63
10
2
5
-1
-33
-51
35
-41
9
36
0
-15
-6
19
52
9
-198
-384
142
939
650
129
-52
-384
-274
-129
203
455
265
201
-277
-626
-644
-510
133
240
485
146
23
-27
50
341
383
328
162
-251
-477
-500
-211
-513
-534
-431
-357
-300
-247
-202
-157
-139
-154
-112
30
167
-183
-86
2
-1
9
3
-31
-59
120
-65
-18
39
15
-1
-17
-3
15
-21
-114
-274
458
933
663
382
75
9
-354
-246
-151
244
452
294
208
-241
-597
-614
-516
110
269
372
267
55
-66
71
237
357
332
202
-245
-424
-489
-324
-177
-125
-118
-109
-146
-144
-161
-201
-219
-262
-63
150
-348
-180
2
-10
1
-1
-74
-90
206
-102
-64
28
2
-9
-12
7
18
-54
-274
-390
-29
666
500
468
381
39
5
-400
-241
-103
306
490
277
203
-221
-583
-627
-537
75
195
430
279
31
-5
51
196
420
254
268
-223
-427
-531
-355
-200
-120
-124
-101
-36
-35
-54
-143
-232
113
338
-535
-279
4
-6
6
-3
-118
-131
313
-141
-111
24
1
-7
7
25
30
-17
-235
-462
-332
-30
385
422
425
347
30
-48
-467
-224
-81
298
463
214
207
-201
-561
-619
-545
5
264
447
330
124
-68
-9
161
408
408
324
-148
-341
-479
-329
-95
31
105
193
229
116
46
153
489
672
-554
-209
4
-15
6
0
-132
-133
489
-135
-102
45
21
9
25
25
6
-33
-103
-310
-466
-305
-18
364
434
367
305
-34
-154
-500
-262
-110
321
453
266
228
-169
-537
-624
-570
-80
232
392
449
174
40
-26
175
407
341
312
-28
-173
-214
-40
146
190
115
-10
-87
-60
161
795
941
-474
-171
8
-1
12
8
-120
-125
632
-132
-106
36
15
5
28
28
24
-23
-29
-88
-316
-443
-276
22
351
382
304
262
-51
-131
-528
-292
-89
324
467
291
226
-121
-489
-620
-568
-182
193
369
435
113
-74
0
112
362
353
382
30
-153
-176
-211
-139
-199
-235
-223
103
524
857
537
-673
-374
4
-6
0
2
-135
-134
639
-159
-149
-6
-14
-4
5
5
-6
-36
-8
-16
-129
-345
-418
-251
140
369
373
322
299
49
-121
-513
-278
-84
323
462
257
212
-80
-466
-606
-592
-232
181
396
439
146
63
-2
58
278
369
407
190
-286
-507
-425
-271
-166
296
521
626
451
284
-658
-294
6
-6
-9
-1
-155
-158
528
-157
-129
35
37
36
30
6
-13
-50
-22
-17
-37
-145
-352
-369
-188
263
367
404
377
339
63
-168
-534
-319
-91
350
465
264
244
-66
-398
-620
-609
-318
141
255
447
265
73
16
15
326
533
541
19
-436
-199
15
468
639
594
504
270
402
-451
-156
8
-4
0
2
-140
-130
415
-133
-97
67
98
102
89
46
19
-1
31
17
14
-3
-130
-321
-323
-126
269
344
400
392
320
78
-258
-543
-347
-48
363
444
288
217
-36
-358
-614
-582
-350
69
261
454
268
45
-14
114
427
488
-45
-93
292
471
528
498
339
-5
-280
-71
-601
-292
6
-3
2
-9
-116
-95
342
-133
-104
-29
-1
14
54
53
54
51
61
40
37
23
-24
-201
-419
-372
-171
230
343
397
423
339
98
-317
-533
-374
-14
361
484
269
266
7
-310
-566
-559
-412
45
218
380
186
-16
19
110
-19
-380
-85
258
347
402
201
-264
-612
-386
60
-525
-205
-2
-2
2
-13
-107
-35
255
-111
-91
-41
-54
-77
-77
-85
-73
-48
-33
-40
-34
-42
-54
-86
-271
-435
-364
-144
261
368
405
430
313
72
-328
-549
-332
6
408
465
289
258
-7
-261
-552
-542
-449
-22
252
427
446
288
141
-208
-113
111
347
268
-83
-518
-519
-207
183
443
-286
-129
-4
2
10
-16
-94
17
209
-100
-63
-9
-5
-9
-19
-40
-34
-20
-15
-16
3
-4
-4
-1
-50
-240
-407
-335
-86
309
374
357
431
258
72
-392
-538
-341
43
366
477
222
218
2
-236
-515
-539
-451
-114
205
476
748
337
-130
57
255
143
-428
-559
-314
47
250
662
450
-291
-157
-5
7
3
-35
-94
57
170
-93
-33
22
44
37
35
8
24
18
8
4
13
13
10
13
1
-61
-269
-416
-316
-23
310
386
349
428
272
45
-449
-575
-355
50
401
414
262
251
24
-186
-488
-551
-475
-223
386
930
462
22
131
-191
-523
-447
-250
6
181
191
86
93
-424
-154
-7
9
2
-43
-95
79
143
-100
-27
17
41
46
27
18
25
29
8
-2
-1
-8
-6
1
-6
-28
-106
-298
-384
-266
0
317
411
307
444
268
3
-462
-579
-320
91
309
470
287
244
26
-127
-461
-608
-642
-163
633
4
-315
-582
-487
-372
-167
105
399
588
124
291
1
-248
-122
4
15
3
-43
-86
106
123
-100
-35
2
26
28
14
4
17
11
1
-7
-7
-7
-8
-9
-14
-29
-40
-107
-231
-347
-302
30
301
325
315
465
284
-28
-511
-598
-332
8
378
491
241
212
43
-107
-441
-754
-615
-418
-879
-826
-407
-185
10
334
574
627
481
-56
-179
-42
-183
-56
0
13
-6
-43
-79
113
115
-90
-18
-1
7
-4
-16
-18
3
9
-4
-5
-2
-2
1
5
-4
-20
-36
-25
-29
-211
-429
-267
92
264
369
360
487
273
-58
-516
-620
-385
101
387
452
227
268
61
-24
-325
-83
81
-326
-167
25
304
546
566
508
242
-4
-432
-305
-75
-138
-36
-4
2
-10
-37
-82
101
89
-88
-22
14
18
1
-12
-23
-2
0
-7
-14
-2
0
1
-2
-6
-14
-33
-23
49
-33
-367
-404
-213
112
303
385
378
435
277
-56
-537
-643
-345
120
351
437
374
528
16
-80
34
273
208
317
539
483
353
79
-124
-225
-152
-284
-246
32
-100
-75
-5
-1
-9
-33
-80
69
88
-73
-10
35
24
16
13
-14
3
5
-10
-5
8
5
2
0
-9
-11
-36
-39
36
41
-210
-374
-358
-205
187
329
374
309
421
303
-83
-572
-640
-391
83
305
695
632
133
-144
115
105
249
374
271
-143
-401
-361
-254
-163
-77
-215
-157
54
-106
-84
-6
-1
-5
-15
-65
45
116
-72
-20
16
16
20
23
6
11
8
-10
-10
3
6
3
-4
-8
-2
-24
-25
33
71
-77
-195
-335
-388
-188
231
343
324
348
476
324
-98
-586
-639
-338
145
534
752
-242
-218
80
221
118
-269
-539
-483
-138
239
219
90
72
-171
-97
231
-66
-28
-4
0
8
-11
-56
-2
133
-62
-14
18
2
-5
3
-12
-1
2
-12
-9
-1
-1
-2
-8
-16
-10
-24
-24
26
51
-55
-67
-199
-409
-391
-89
254
296
312
366
423
287
-184
-616
-672
-325
410
651
-100
-127
-91
-328
-493
-349
-155
251
455
685
305
164
-164
-211
-109
199
-84
-49
8
0
10
-3
-53
-23
156
-55
-23
4
-7
-21
-18
-20
-9
-4
-8
-5
0
1
2
-7
-8
-7
-14
-17
32
61
-55
-31
-57
-259
-450
-237
-64
204
306
334
376
410
342
-130
-680
-730
56
367
-326
-499
-353
-148
93
383
531
666
626
334
-201
-338
-251
-161
56
215
-104
-78
-2
2
1
-6
-59
-54
153
-51
-34
11
-13
-19
-28
-15
-9
-2
-1
0
1
3
7
3
-7
-7
-13
-8
37
69
-42
-28
-22
-112
-294
-272
-187
-120
232
317
301
472
696
507
-259
-582
-413
-209
-494
-201
174
388
555
652
458
191
-82
-151
-278
-121
-91
-25
104
156
-113
-71
2
-1
8
1
-52
-55
166
-43
-29
9
5
-11
-14
-17
-10
-11
-2
-1
1
4
7
7
3
0
-7
-6
34
57
-37
-24
-12
-65
-148
-145
-257
-308
-56
260
346
566
694
438
-133
-347
-50
185
267
412
599
585
299
-36
-212
-325
-277
-225
-175
-82
-1
3
79
115
-122
-65
3
-1
5
7
-47
-56
167
-46
-40
7
1
2
-8
-2
-5
-16
-13
-15
-12
-9
-1
2
-7
-1
-13
-1
28
52
-32
-19
-9
-52
-113
-9
-132
-394
-304
-60
298
503
506
-238
-330
-106
325
645
617
412
161
-158
-246
-384
-258
-263
-192
-92
-26
-19
-7
-11
75
126
-115
-59
-10
-5
-5
5
-63
-67
169
-69
-52
6
22
26
23
21
14
-7
-4
-4
-5
-3
-8
-11
-10
-8
-10
-8
20
33
-30
-18
-8
-48
-102
36
31
-261
-392
-298
-22
548
698
-41
110
382
526
289
-45
-199
-314
-296
-255
-276
-125
-71
-56
-28
15
1
-8
-6
72
125
-71
-40
-1
-5
4
7
-38
-43
179
-38
-12
20
34
40
46
52
52
25
17
16
8
12
12
11
12
9
2
-5
18
32
-16
-8
-2
-22
-54
86
140
-17
-213
-336
-216
508
894
340
250
167
-73
-196
-268
-181
-153
-119
-9
-39
29
49
52
39
64
44
55
52
124
159
-18
-13
-3
-3
6
9
-10
-11
210
-9
8
27
36
48
48
52
53
29
32
35
29
29
20
13
19
18
18
15
29
40
-2
0
2
-9
-13
118
194
108
14
-203
-260
69
493
-125
-125
-191
-144
-120
-97
21
63
42
69
62
94
96
102
99
125
110
119
121
159
172
