117
106
104
107
98
99
98
95
96
93
119
242
247
215
122
119
123
127
130
130
146
242
244
248
249
185
135
137
135
128
158
239
235
233
233
231
233
239
234
124
109
114
112
189
233
234
236
241
242
241
232
133
139
139
139
139
132
127
137
144
153
155
151
141
114
108
112
112
106
105
100
95
95
92
152
241
243
244
219
124
127
130
132
135
139
228
242
247
248
238
140
131
131
124
203
236
231
231
231
229
232
239
242
147
118
116
189
232
230
233
238
238
240
236
230
130
135
134
138
133
127
130
139
150
155
149
144
136
115
111
115
112
107
105
94
96
94
93
167
240
239
242
243
213
130
133
134
137
135
210
238
244
247
249
181
128
126
130
231
234
231
231
229
229
230
242
242
165
123
168
231
230
231
234
234
236
237
238
230
140
131
133
133
127
127
134
140
149
150
137
130
131
115
112
111
108
107
97
94
98
97
103
149
238
235
236
238
240
185
132
137
137
136
188
238
239
245
247
227
121
127
157
237
230
229
228
225
227
229
243
240
168
142
229
227
228
231
234
233
236
236
237
237
232
125
131
127
124
128
137
139
143
138
126
121
125
111
106
106
106
100
90
102
106
101
112
137
235
234
232
234
235
236
142
137
144
152
166
238
236
243
247
249
141
130
185
237
223
225
224
223
224
230
242
239
156
216
227
226
230
231
234
233
233
233
235
235
236
126
127
128
127
130
130
139
138
129
121
117
125
100
98
98
100
110
218
236
233
211
168
129
225
234
232
231
232
234
212
221
239
244
237
236
235
242
241
248
179
134
207
231
218
223
223
222
223
236
240
236
200
226
225
227
231
232
232
230
230
232
233
226
200
124
127
129
128
126
127
127
129
123
121
121
125
92
93
118
222
216
234
233
244
244
237
223
224
232
231
229
230
230
233
238
242
243
248
236
233
237
237
246
210
133
220
228
217
224
222
218
225
239
239
234
225
226
225
227
231
228
225
227
228
228
228
222
156
129
127
132
130
126
121
118
126
124
127
124
128
88
88
198
239
247
249
242
228
233
244
240
233
230
230
227
226
224
226
231
236
235
244
239
232
235
236
241
232
146
230
223
217
222
222
220
229
244
238
228
224
227
227
231
224
221
221
222
227
225
223
212
129
127
128
133
132
130
115
129
143
132
134
125
131
83
86
179
232
236
247
248
245
230
221
239
243
231
227
227
224
221
222
225
228
227
240
238
229
230
232
238
239
169
227
220
218
222
220
224
233
245
235
228
224
228
228
222
216
219
220
222
222
222
223
157
129
124
131
135
152
194
225
235
239
187
140
134
135
83
84
127
232
223
231
246
246
242
235
218
230
237
225
225
221
219
214
217
222
224
232
235
231
230
229
229
240
184
223
219
219
221
222
226
239
243
231
224
224
226
222
213
214
217
220
221
221
221
197
123
128
123
158
212
242
241
234
234
236
171
143
138
140
84
88
97
204
226
214
227
243
242
238
238
223
225
225
219
217
213
212
214
219
223
224
223
233
224
223
217
227
202
217
220
221
222
222
230
243
238
224
223
226
224
215
216
213
215
219
219
220
221
130
121
144
219
237
236
236
236
236
231
226
149
144
139
141
84
96
104
127
220
219
211
223
241
238
236
232
228
217
216
216
214
213
213
217
217
220
218
231
220
221
214
214
207
214
221
223
222
225
232
237
230
223
222
223
218
215
212
212
215
216
220
224
134
120
182
235
235
235
232
234
237
235
230
178
146
146
136
135
88
101
158
189
208
213
214
211
221
239
234
232
232
231
217
215
216
215
214
218
213
217
217
226
223
217
216
217
211
218
222
224
225
228
236
230
223
220
223
222
214
215
213
213
214
217
228
136
134
222
235
234
233
232
233
234
235
229
198
145
149
147
130
131
94
101
156
231
243
222
211
212
208
215
234
227
222
225
230
215
215
215
215
216
215
214
220
221
222
220
219
214
208
215
223
227
229
231
235
223
217
216
219
218
214
214
214
212
213
224
157
176
232
234
232
231
231
232
232
235
236
194
141
149
152
145
135
135
221
222
191
147
157
209
215
211
210
209
211
227
222
218
222
222
219
213
215
217
221
208
217
223
221
222
217
215
206
210
223
226
228
231
225
215
208
205
220
215
213
215
212
211
222
176
203
230
231
227
227
228
230
230
233
235
200
179
212
228
237
231
159
138
219
228
242
239
220
152
136
178
210
210
205
207
218
214
212
215
217
217
219
220
220
202
206
218
221
220
213
212
201
204
218
214
224
219
210
204
192
208
216
212
212
214
212
217
200
219
225
224
225
223
224
227
229
232
233
226
227
227
229
233
237
239
175
136
215
213
217
236
232
237
210
136
147
210
207
208
207
214
212
214
218
219
221
222
222
200
202
204
210
190
208
201
180
185
203
183
188
181
189
195
192
214
212
209
209
212
213
213
218
218
219
220
220
221
225
228
233
233
229
228
231
227
230
231
235
235
118
125
214
213
211
214
228
229
228
236
199
152
198
211
206
207
213
216
217
219
222
222
217
211
184
184
181
163
180
165
167
169
166
180
152
149
176
188
197
207
206
205
209
211
204
210
217
217
217
218
218
223
228
231
226
224
227
231
233
231
226
233
238
157
114
119
212
212
211
206
212
219
224
223
217
221
181
174
207
205
203
210
211
209
214
221
213
206
169
169
164
166
160
174
171
169
167
163
152
166
172
173
176
203
201
199
197
192
198
215
219
220
216
216
221
227
220
215
219
220
222
224
222
224
232
235
175
120
112
121
219
213
210
211
208
205
213
221
227
218
210
202
156
184
202
200
201
204
198
198
202
183
152
157
159
164
170
180
167
175
170
166
167
151
162
167
169
185
192
183
181
192
207
211
217
217
215
220
220
212
215
218
220
222
220
222
223
227
232
162
124
129
125
124
191
214
212
212
213
207
205
208
212
216
218
210
213
165
140
177
193
187
186
175
161
170
155
157
176
166
173
168
168
166
167
170
152
161
139
152
158
166
187
172
181
201
205
206
210
217
217
219
215
217
219
222
222
223
223
221
226
219
145
119
130
135
129
123
93
129
176
207
211
210
208
205
206
208
212
216
211
209
161
66
99
171
165
159
162
163
167
152
165
163
154
158
175
155
167
157
172
160
155
147
150
148
144
156
186
194
196
204
215
219
219
217
216
219
221
224
225
224
228
235
237
237
242
222
150
135
126
117
207
185
156
142
154
183
212
209
206
206
205
211
214
210
202
195
113
105
179
151
170
148
174
139
153
152
160
148
140
163
150
165
159
160
168
166
162
163
141
166
169
179
198
210
214
216
219
217
218
221
222
224
226
230
231
230
230
231
232
237
198
132
118
107
209
205
202
202
199
178
159
182
207
209
207
205
206
209
203
199
184
148
171
138
158
148
160
166
158
162
136
156
142
137
148
138
155
151
161
148
150
166
157
144
167
188
205
209
211
217
218
219
218
219
220
224
225
226
228
229
231
233
235
239
170
125
105
99
222
217
211
205
200
190
196
187
168
172
191
214
208
204
195
183
173
152
138
140
157
157
142
123
133
129
129
132
129
146
142
135
172
152
168
168
164
150
160
112
157
189
205
208
214
219
219
216
214
216
220
222
223
226
228
232
233
235
235
213
118
100
108
120
208
206
203
206
226
235
216
198
191
188
155
101
120
160
182
179
159
136
142
143
142
140
160
127
148
95
148
125
161
125
120
166
134
158
159
166
148
166
136
149
176
200
208
207
205
206
209
211
216
221
220
217
213
209
210
228
235
229
224
221
224
227
219
195
213
213
210
207
242
246
246
242
230
216
197
188
157
109
74
91
118
168
151
146
146
138
128
140
107
140
135
118
131
108
152
129
127
134
145
164
151
146
158
172
153
151
169
184
199
211
215
219
219
217
215
213
210
207
206
217
228
221
216
216
217
220
220
231
211
215
213
212
226
234
239
243
243
242
240
230
211
193
182
142
109
164
143
134
128
143
128
132
122
114
116
118
136
131
115
133
119
115
171
131
150
146
152
163
138
166
190
205
215
218
219
218
218
216
216
212
209
208
208
209
218
222
225
232
227
228
227
227
134
169
197
208
214
237
234
236
238
238
238
236
229
222
209
183
153
118
134
146
145
142
150
120
136
135
118
131
119
146
120
149
137
147
142
143
137
140
133
126
99
159
195
206
211
214
217
218
217
214
213
210
209
210
210
210
215
214
214
218
220
223
228
233
220
217
214
209
208
211
235
238
234
234
233
231
227
222
212
195
170
125
117
129
141
137
132
154
114
117
82
107
117
115
127
105
123
124
141
150
142
146
153
152
157
172
190
207
210
212
216
216
217
214
214
214
214
212
210
212
215
214
216
220
227
234
241
220
222
211
204
203
204
205
206
227
238
236
234
233
228
222
213
203
176
124
148
148
143
156
140
140
126
152
129
146
123
122
125
121
159
130
152
125
135
136
121
182
160
183
202
207
215
219
218
216
220
218
218
218
218
214
215
222
224
220
215
206
202
180
132
99
220
211
206
205
205
203
202
202
207
217
226
230
221
208
195
172
135
145
153
142
145
129
113
145
138
115
120
119
99
141
148
131
127
140
130
153
139
156
117
158
144
130
166
185
195
207
212
217
223
227
225
220
211
205
205
208
210
214
219
207
176
100
101
113
215
229
216
207
204
202
202
200
200
197
191
188
186
181
175
161
144
154
160
132
129
152
141
149
133
139
147
130
145
121
118
150
144
151
129
132
111
140
141
102
137
159
147
164
168
173
183
191
195
195
198
204
206
208
206
206
205
204
207
216
218
223
163
138
207
223
230
224
219
215
211
208
205
205
204
199
186
156
123
115
146
113
91
127
143
133
130
103
150
130
117
130
113
157
117
135
117
131
128
153
134
158
154
133
124
122
104
95
157
185
192
195
197
195
198
198
201
202
206
209
212
214
213
216
215
219
223
211
187
177
166
205
217
215
212
209
202
194
184
173
165
168
167
156
138
142
145
102
141
124
155
136
153
132
129
155
99
142
115
148
138
153
133
136
135
131
99
141
164
180
196
194
200
194
202
204
204
203
205
204
200
199
202
206
209
211
218
222
232
234
225
226
120
102
167
199
197
196
196
197
200
201
201
198
202
198
197
195
184
170
135
134
164
152
137
135
108
139
139
112
96
148
144
121
135
119
120
158
174
129
127
143
193
205
208
212
210
210
213
216
219
218
220
225
228
226
216
209
205
206
207
210
218
227
235
235
135
217
230
227
229
226
225
222
220
223
228
225
221
219
210
202
191
180
149
100
163
143
122
164
150
163
132
143
150
121
118
141
151
146
142
140
163
141
162
181
198
214
216
213
210
210
212
215
216
221
225
231
227
226
231
236
225
208
209
211
213
214
222
224
221
240
239
238
235
231
233
238
241
239
236
230
223
222
215
205
199
176
125
112
109
102
110
163
148
192
132
161
142
162
169
131
144
141
112
92
80
127
200
202
203
209
222
228
225
222
216
212
216
217
218
217
223
231
234
230
231
234
196
197
204
202
190
178
242
242
238
232
224
233
242
243
241
240
236
234
225
219
217
210
190
169
158
155
171
151
82
138
106
117
91
128
115
157
156
104
172
150
140
141
118
121
167
219
220
217
219
221
226
231
236
235
224
213
215
216
218
219
223
230
239
239
209
104
120
93
94
110
223
235
227
217
219
243
243
241
240
238
234
232
227
221
216
192
184
177
197
209
199
195
116
98
117
107
118
139
102
74
130
112
124
118
142
166
168
173
168
194
227
225
220
219
225
230
235
236
238
241
223
213
214
216
214
213
221
227
239
159
111
101
102
130
125
168
197
203
215
239
238
241
239
237
236
234
232
215
195
195
205
227
228
223
222
196
155
137
141
128
124
152
156
77
109
108
159
140
157
189
185
189
198
187
200
226
222
222
222
225
226
231
235
236
240
234
215
214
213
214
214
217
217
147
104
90
136
107
132
120
89
74
153
231
241
239
239
238
238
229
204
196
211
234
240
238
237
237
233
189
178
167
151
145
175
186
203
150
154
153
115
168
180
205
202
200
204
206
199
196
221
221
222
219
222
223
225
233
229
233
212
149
154
152
142
139
137
105
92
121
101
128
109
133
104
180
186
180
194
214
218
215
203
196
207
232
243
244
242
242
242
240
213
201
198
190
184
183
211
216
224
198
181
179
129
181
199
206
221
206
210
207
208
208
191
206
217
215
215
217
220
225
235
226
232
148
103
103
80
101
131
111
136
105
103
152
138
162
196
187
183
197
204
202
200
205
204
207
238
246
246
245
244
244
243
224
208
213
215
195
199
207
227
229
236
219
196
199
171
171
201
212
216
229
213
213
211
213
207
197
190
203
212
216
218
220
228
233
230
152
73
108
89
107
80
140
150
118
132
132
163
198
191
187
201
208
207
211
213
208
204
205
236
245
245
246
245
244
223
210
218
219
219
196
199
229
234
236
240
231
205
211
202
164
204
215
220
226
230
215
218
220
221
218
206
185
187
204
214
219
217
224
222
101
102
85
84
102
134
150
146
146
104
149
205
195
195
202
222
221
225
217
210
207
214
217
209
211
220
221
231
220
216
219
230
229
217
201
213
238
238
239
242
237
208
220
215
167
209
216
224
223
228
230
214
222
225
227
233
217
193
190
196
206
222
221
230
221
107
68
108
122
123
150
147
149
118
181
203
201
192
222
233
235
223
212
210
220
219
214
210
203
188
203
220
223
224
234
236
236
209
206
234
240
239
241
244
237
214
229
222
137
220
212
225
229
229
236
224
215
223
235
238
241
210
195
197
195
198
219
235
238
226
107
92
143
131
130
145
109
150
108
205
206
204
230
232
224
216
213
221
219
218
219
210
197
192
228
229
228
235
241
240
238
205
224
240
242
245
245
246
230
226
234
228
111
218
210
220
235
236
235
241
213
216
224
239
240
239
190
201
203
199
199
210
232
239
177
148
120
135
138
156
122
123
100
160
165
126
186
221
216
214
219
220
217
220
215
206
188
213
233
232
236
241
243
241
222
214
233
241
243
245
248
247
222
239
236
238
107
184
218
211
231
239
239
241
225
212
219
227
239
240
180
112
185
208
209
210
213
224
191
127
106
129
103
117
136
106
105
128
91
80
89
119
129
148
223
220
223
220
212
198
184
231
238
235
242
243
242
239
217
217
224
236
246
246
242
234
229
243
238
233
74
123
221
218
220
238
242
242
235
200
215
220
224
234
216
77
62
81
132
145
156
148
100
96
97
108
112
142
129
94
152
107
74
72
98
88
64
175
231
229
224
221
206
189
163
235
236
241
244
245
241
225
223
218
222
213
221
234
229
230
237
243
241
196
75
79
198
224
222
228
239
241
238
168
207
216
218
222
194
69
79
68
95
78
104
92
100
137
87
130
102
111
107
123
179
79
96
97
99
91
63
185
237
235
231
216
196
136
78
214
238
242
244
244
232
229
223
222
221
213
223
231
236
224
243
242
245
130
87
108
121
211
228
224
231
238
234
88
118
181
203
215
99
81
82
104
94
102
117
124
117
131
97
107
118
89
104
153
144
87
95
113
110
84
85
126
210
217
201
154
110
96
68
135
238
241
235
217
230
236
226
213
222
223
233
234
218
225
244
243
213
91
89
105
106
106
192
227
227
231
186
73
87
109
89
115
81
97
111
139
127
127
120
129
126
80
137
120
109
90
138
127
145
90
107
117
100
74
120
108
100
90
81
95
88
103
67
82
113
141
211
228
238
239
203
112
229
235
198
132
217
227
244
227
126
100
98
87
104
64
83
135
186
183
101
109
117
107
120
126
118
87
125
119
92
95
113
134
124
114
137
133
84
120
146
137
193
80
97
126
82
95
121
119
126
93
94
124
118
81
86
81
96
101
205
232
224
152
95
91
92
90
49
70
126
202
211
106
86
84
100
88
73
58
115
108
78
93
127
131
111
112
140
127
114
106
97
94
85
125
130
119
136
140
145
123
105
143
128
175
152
96
108
117
117
110
123
130
132
74
104
119
120
77
106
107
115
133
97
122
116
102
99
76
76
58
81
89
121
120
108
88
80
98
84
110
89
89
106
96
89
115
121
141
90
100
131
111
98
122
107
101
95
127
140
129
147
136
146
99
118
154
153
135
121
105
137
120
123
95
132
140
78
106
120
114
114
112
111
127
119
118
108
127
94
131
74
63
65
70
98
103
118
112
86
82
110
79
101
103
116
93
108
98
105
117
126
133
74
108
107
87
107
125
128
88
120
136
141
141
149
150
105
109
146
156
147
134
131
128
131
101
102
96
111
81
96
135
126
120
122
112
117
80
120
97
132
122
125
120
60
58
64
89
111
113
128
122
64
105
123
65
101
118
108
110
78
90
118
126
127
128
84
97
80
94
121
125
97
109
122
137
128
137
147
126
99
132
162
151
137
120
125
125
96
110
85
85
89
85
129
131
117
100
110
102
77
91
109
111
145
118
118
108
71
67
95
104
105
116
128
76
78
126
76
90
74
109
128
102
78
94
109
118
118
117
110
86
86
106
128
104
92
108
133
118
124
138
143
100
114
156
152
142
146
112
132
119
119
102
86
94
76
110
108
132
131
110
100
75
96
110
97
139
118
115
112
103
65
83
111
92
107
127
101
85
113
111
100
95
72
109
108
70
101
101
101
131
124
119
112
77
108
132
115
113
117
109
118
118
139
137
109
95
131
160
140
128
118
128
152
127
136
75
104
87
89
122
125
121
121
103
76
96
105
86
117
117
100
127
120
87
87
107
98
108
134
131
88
105
115
102
109
73
88
129
98
86
111
113
112
117
126
131
92
82
126
128
128
137
110
93
107
133
138
124
92
122
138
155
129
118
125
143
156
142
123
73
107
80
102
117
105
109
133
111
79
120
88
101
106
113
123
136
106
92
93
96
100
117
140
111
104
124
108
92
112
71
86
109
84
103
124
123
98
106
125
115
83
104
125
123
127
129
98
104
119
135
136
108
101
141
140
147
109
101
127
135
135
149
97
90
97
98
104
95
96
93
105
105
83
108
93
110
102
116
133
125
93
87
106
106
111
121
120
111
119
131
97
117
127
97
96
96
87
121
131
125
109
114
124
92
91
130
127
111
129
131
114
120
118
129
119
94
118
136
130
144
106
97
107
120
115
133
86
93
88
110
123
119
98
76
91
100
91
97
93
104
101
98
134
114
88
91
111
120
123
136
126
126
127
105
96
123
118
102
82
83
86
97
99
115
102
93
95
79
114
132
120
129
131
130
126
123
121
124
106
102
121
117
114
117
97
111
117
121
110
